problem iteration elapsed_seconds peekd_models evald_models peek_fit_loops peek_point_evals eval_fit_loops eval_point_evals total_point_evals best_size best_err best_r2 best_vari ave_size ave_err ave_r2 ave_evar
bacresp/D_x  49 610.1265 0 9829   0 0 691603 69160300 69160300   63 2.5524979021191205 0.9922704421344212 0.9922664909387995   31.6875 5.629038103206498 0.9391112513847613 0.939957010735784
bacresp/D_y  49 353.1338 0 8926   0 0 572897 57289700 57289700   64 2.7651544568260844 0.997430016863482 0.9957364224875318   30.5625 8.364657311442107 0.9544100496802698 0.952749183307695
barmags/D_X  49 548.5811 0 7715   0 0 454776 909552000 909552000   63 0.0026199235332097837 0.9999998316738741 0.9999998316738603   30.125 0.8902345672825457 0.9384201299859787 0.9396213076079148
barmags/D_Y  49 758.7674 0 9326   0 0 574790 1149580000 1149580000   64 0.0010915161339265865 0.9999999862809654 0.9999999181459699   26.8125 1.4788340213718714 0.936450684709407 0.931121218831526
chaoticpendulum/D_A  49 836.2181 0 3296   0 0 188606 754424000 754424000   61 0.06318607618707076 0.9999972520617829 0.999997247844263   32.25 2.1460771793455886 0.9375555599815004 0.9375516360670001
chaoticpendulum/D_V  49 1092.2576 0 3907   0 0 240263 961052000 961052000   64 73.84710577904279 0.3507689610590691 0.35076882694003053   32.03125 75.6525030977718 0.31755393999421105 0.31755652287311537
ecoli/D_A  49 1267.6158 0 11018   0 0 680757 68075700 68075700   64 0.0040987877371832454 0.9999764407422024 0.9994220572850236   31.40625 0.05501706722093244 0.9566482447462252 0.9562489866872812
ecoli/D_G  49 1512.4909 0 10384   0 0 637978 63797800 63797800   63 4.4085170548072446e-05 0.9999999992993893 0.9999988346990417   30.59375 0.019097721916640848 0.9982137791718169 0.993208070019991
ecoli/D_L  49 1068.2274 0 10622   0 0 645976 64597600 64597600   63 0.004692503478230224 0.9999813061507314 0.9999943759807317   29.78125 0.07110484991787966 0.9619900191310665 0.9875441168278782
glider/D_A  49 1308.1271 0 9074   0 0 564122 2820610000 2820610000   64 0.01607347121864787 0.9999996052483254 0.9999996052482272   33.28125 2.8729310136313395 0.9475148982751765 0.946859503830418
glider/D_v  49 1035.8016 0 7812   0 0 485471 2427355000 2427355000   61 0.0021341183757381576 0.9999999844602269 0.9999999844595946   29.65625 0.9353985876743244 0.9670719539833882 0.96709782855204
lorenz/D_x  49 2054.5506 0 15684   0 0 945967 4729835000 4729835000   64 0.868716396125648 0.9999998578811483 0.9999998578734508   30.9375 160.38181746294538 0.9266852791893111 0.926704321960269
lorenz/D_y  49 2368.8767 0 18067   0 0 1039569 5197845000 5197845000   64 0.2708754703621248 0.9999988113469763 0.9999987978413928   27.625 316.26705340122686 0.913078788835579 0.9130495927452035
lorenz/D_z  49 6206.0529 0 22532   0 0 1451930 7259650000 7259650000   64 0.7699323969183334 0.9999981178480901 0.9999981178687243   27.5625 220.9908086976992 0.9519064422981194 0.951746340769717
lotkavolterra/D_x  49 881.6293 0 9834   0 0 605005 1210010000 1210010000   63 1.27155053141108 0.9999933902557626 0.9997858133423434   29.09375 19.976983110580324 0.9659832503311028 0.9652149336374715
lotkavolterra/D_y  49 689.9112 0 8495   0 0 539330 1078660000 1078660000   61 1.8780411841781293 0.999981203369568 0.999764267597651   26.59375 46.69704801365357 0.8811833195968679 0.8838814858053663
predpreyfrac/D_x  49 2774.2748 0 9133   0 0 590258 2951290000 2951290000   60 0.4252164817214724 0.9999999383466615 1.0000010292085968   26.875 325.2555441550685 0.8558923735651602 0.8555274807343781
predpreyfrac/D_y  49 2881.3583 0 9341   0 0 581217 2906085000 2906085000   24 0.07406970695211668 0.999999997175692 1.000000034717717   13.96875 445.4974923174618 0.8431138791446386 0.843142785919117
shearflow/D_A  49 350.9770 0 8699   0 0 509694 509694000 509694000   62 0.0002028884173309331 0.999999926075123 0.9999999260750357   31.84375 0.039264668735957 0.9356915803273778 0.9383629383811103
shearflow/D_B  49 380.7148 0 7990   0 0 502807 502807000 502807000   63 1.1139934688535694e-06 0.9999999999889579 0.9999999999889554   29.34375 0.025994320150051833 0.9718135771047404 0.9680088984905959
simplependulum/D_A  49 590.9467 0 7111   0 0 419902 419902000 419902000   61 0.04409426864517166 0.9999996657903495 0.9999992418381605   29.375 0.044404095483803835 0.9999996619379595 0.9999995557970999
simplependulum/D_V  49 475.6331 0 7986   0 0 442609 442609000 442609000   63 0.04047865985110927 0.9999999511794886 1.000000714045456   34.125 12.700219615942906 0.9579157702201334 0.9581749317686385
vanderpol/D_x  49 590.9952 0 8503   0 0 543968 271984000 271984000   63 0.990497347903253 0.9987804583300351 0.9987729022751441   31.78125 5.374679950697501 0.9005881774708374 0.900574415419721
vanderpol/D_y  49 1012.5785 0 5919   0 0 353740 176870000 176870000   62 0.023782714247909925 0.999973015950965 0.9998320827993181   34.875 0.04904857307953697 0.9999518713079459 0.9999651270699611
korns_01/out  49 2048.6826 0 31679   0 0 1773875 1773875000 1773875000   64 2.8785999908009827e-09 1 1.0000000000000009   35.375 1.0979334459631156 0.9999838902586422 1.0000225516325305
korns_02/out  49 3848.6021 0 34986   0 0 1963971 3927942000 3927942000   64 2.886826019826106e-09 1 1.0000000000000002   29.53125 2016.975889556524 0.9267268009326481 0.926018363420536
korns_03/out  49 8722.0964 0 44061   0 0 2857239 5714478000 5714478000   64 1.2492971521657356e-06 1 1   32.75 822439.6930904592 0.9657695174526523 0.9657924323593763
korns_04/out  49 3221.9998 0 31727   0 0 1762424 3524848000 3524848000   64 2.5827316460417573 0.1777641561241824 0.17774239978042125   32.4375 7.068144559717677 -40.09351562953139 40.30485534583923
korns_05/out  49 3322.2246 0 46786   0 0 3012279 3012279000 3012279000   63 6.020855473329526 0.9858419016307702 0.9856030178412608   33.96875 23.007906294376472 -0.08200168230930284 2.0445129189782842
korns_06/out  49 3831.0341 0 43079   0 0 2704752 2704752000 2704752000   63 2.295267537787324 0.9978171207273381 1.0010076619732171   29.96875 14.830334220877198 0.6453979804358525 1.260316028205353
korns_07/out  49 3023.5717 0 38695   0 0 2719019 2719019000 2719019000   63 12.651594029589573 0.9994118781252604 0.9994118761449254   29.1875 273.67959789480864 -0.1469469339865137 1.8628790777433306
korns_08/out  49 10654.6620 0 56220   0 0 3952903 7905806000 7905806000   64 235.25423473511327 0.9982713401610795 0.9982401147673768   29.40625 1181.8224821848992 0.9077519670535843 1.0029048973407926
korns_09/out  49 4271.1477 0 79490   0 0 2098334 4196668000 4196668000   41 9824.403255300806 0.8428660188306079 0.9480123324046651   19.84375 21457.79811445191 0.3840831941081682 0.3834289845122397
korns_10/out  49 12978.4041 0 47799   0 0 2741922 5483844000 5483844000   64 746712.860786341 0.9990608213059047 0.9989909063791321   30.375 7748712.585505058 0.8475415355707543 0.8476869180643589
korns_11/out  49 4604.1591 0 42121   0 0 2336469 4672938000 4672938000   63 210.0715206815264 0.33562080232919644 0.33540807000469103   35.4375 232.2592198315431 0.18513597869479848 0.2691603966415617
korns_12/out  49 6764.8187 0 33391   0 0 1953252 3906504000 3906504000   63 33.55144442761087 0.10500559263038534 0.10500559136929112   32.1875 36.62567623332144 -0.12071693734012354 0.26337778567681797
korns_13/out  49 88518.8960 0 74744   0 0 4825099 19300396000 19300396000   63 320815.5938216237 0.9738005107652504 0.9736586688181332   29.3125 2132565.9960234985 0.5852636604494713 0.5807224058109265
korns_14/out  49 25014.5797 0 54192   0 0 3592944 14371776000 14371776000   64 14041.191141171468 0.5182576626896152 0.5156712613384788   33.75 15364.790963626278 0.4157052048218389 0.41800359174963886
korns_15/out  36 38244.7049 0 51013   0 0 3564466 14257864000 14257864000   63 1074827.948530978 0.17954926033869956 0.19799430167828952   42.03125 1162567.4341992692 0.055783093073324144 0.055590397419146086
koza_01/out  49 125.3785 0 2986   0 0 149065 149065000 149065000   43 7.982416557884715e-13 1 0.9999999999999997   20.96875 347.2244735617548 0.8272854729694136 0.8788381285495415
koza_02/out  49 159.4465 0 3014   0 0 184855 184855000 184855000   59 2.5012590846500325e-11 1 0.9999999999999998   26.65625 4946.682227059462 0.9321976741919094 0.9320580459273285
koza_03/out  49 111.9439 0 2361   0 0 121727 121727000 121727000   56 1.0865536703148995e-11 1 0.9999999999999998   25.40625 3329.115538840879 0.8345735552040633 0.8631027733715559
lipson_01/out  49 111.5620 0 2792   0 0 129088 129088000 129088000   41 3.81838896225459e-13 1 0.9999999999999998   20.25 260.0449425770838 0.8277520171544118 0.8422209231046643
lipson_02/out  49 238.2390 0 2894   0 0 199412 199412000 199412000   57 1864.3698654117045 0.6395637044067509 0.6395600856560842   26.59375 2122.799750476927 0.5244118103232194 0.5251464994333249
lipson_03/out  49 209.6406 0 2424   0 0 152350 152350000 152350000   64 1240.421725869538 0.7496342263161573 0.7158365353616243   28.0625 1610.6014130191863 0.5366219642077793 0.6126825473441487
nguyen_01/out  49 156.2961 0 3055   0 0 152592 152592000 152592000   15 3.783509098969176e-13 1 0.9999999999999998   12.65625 380.1578016364528 0.7396149953189627 0.754015772351823
nguyen_02/out  49 196.8171 0 3397   0 0 181647 181647000 181647000   54 2.0414493485820476e-12 1 0.9999999999999994   24.40625 728.4405504424658 0.8241234887056863 0.8840892741296261
nguyen_03/out  49 246.9203 0 3043   0 0 175086 175086000 175086000   59 1.309216034360412e-11 1 1.0000000000000004   25.09375 4288.356937007637 0.8864440657339976 0.8890240488338566
nguyen_04/out  49 225.5031 0 2767   0 0 168909 168909000 168909000   58 6.541914677466234e-11 1 0.9999999999999996   24.84375 18751.070413881574 0.833607281003323 0.8560503542003577
nguyen_05/out  49 229.9867 0 3060   0 0 194257 194257000 194257000   47 27.33635654168967 0.26048002175479346 0.36163456817567746   21.28125 30.401174502250054 0.09455709694895613 0.17186679768364424
nguyen_06/out  49 247.9120 0 2841   0 0 173080 173080000 173080000   62 20.592089051324898 0.8625654970928172 0.8633170071963863   28.84375 29.9461725677642 0.6570383628668176 0.65723871537874
nguyen_07/out  49 251.3061 0 2448   0 0 165647 165647000 165647000   63 2.5004308002085613 0.9983084168474936 1.0036953240191087   25.84375 33.60068815624646 -1.0076143550869587 2.994270824929448
nguyen_08/out  49 301.9685 0 2407   0 0 191945 191945000 191945000   61 28.91968825667224 0.9967569707807281 1.0242911894824578   25.40625 131.83946434036005 0.6099258137143672 1.452247125851034
nguyen_09/out  49 862.1882 0 7028   0 0 392530 785060000 785060000   63 27.4934877791491 0.18077201153919586 0.18077853616689948   34.3125 29.16659041822577 0.07914415086322134 0.0807593568021489
nguyen_10/out  49 1497.8514 0 14040   0 0 834906 1669812000 1669812000   64 30.04613256716526 0.057603136135539135 0.05744228452538245   33.0625 30.371800537499006 0.034611951102110294 0.035098093071904896
nguyen_11/out  49 668.4933 0 7120   0 0 428648 857296000 857296000   64 9.844263320729578 0.9998750577363679 1.0001947954736161   28.46875 145.08101576147982 0.9205561251226747 0.9027687932016548
nguyen_12/out  49 882.3224 0 9845   0 0 540112 1080224000 1080224000   62 1.8164069894027018e-12 1 1.0000000000000002   21.5625 893.0837697347586 0.8037672174393319 0.8376456517268435
