group problem iteration elapsed_seconds peekd_models evald_models peek_fit_loops peek_point_evals eval_fit_loops eval_point_evals total_point_evals best_size best_err best_r2 best_vari ave_size ave_err ave_r2 ave_evar
GL_SH_XF bacresp_D_x  19 471.0847 0 14027   0 0 844448 84444800 84444800   59 2.9833862248994754 0.9887581591278293 0.9887581591278268   31.4375 6.069370359788379 0.9301915821251148 0.9306233426196591
GL_SH_XF bacresp_D_y  19 252.4492 0 11645   0 0 571130 57113000 57113000   39 3.607474325195933 0.9958649649531781 0.9958649649531787   24.46875 8.947756550137662 0.9529197196722577 0.9516341950583092
GL_SH_XF chaoticpendulum_D_A  19 200.5143 0 3164   0 0 92848 371392000 371392000   33 0.06318927565667042 0.9999972519280418 0.9999972519280187   23.0625 0.06325462644854674 0.999997252706233 0.9999968485288987
GL_SH_XF chaoticpendulum_D_V  19 965.4084 0 5449   0 0 317573 1270292000 1270292000   60 73.67607083536538 0.35918754212750226 0.3612529892342979   27.125 74.58409222656667 0.34018209466777727 0.34028564797236743
GL_SH_XF ecoli_D_A  19 491.9876 0 13485   0 0 575720 57572000 57572000   42 0.0031639518050404505 0.9999828190908399 1.0000144533873763   22.40625 0.08353639038977514 0.9354137375006178 0.9351233720352397
GL_SH_XF ecoli_D_G  19 381.5325 0 10504   0 0 472582 47258200 47258200   43 0.00014507753018354997 0.9999999921013282 0.9999999921013285   22.40625 0.021927316211500476 0.9981804850240006 0.9939191481266851
GL_SH_XF ecoli_D_L  19 313.8676 0 11236   0 0 389657 38965700 38965700   33 0.0053700447930572085 0.9999754995805391 0.9999754995805394   16.875 0.07885102110637303 0.9671210585446711 0.9675264787296413
GL_SH_XF glider_D_A  19 1291.0912 0 10530   0 0 595124 2975620000 2975620000   64 0.005841307499247385 0.9999999533513583 0.9999999533509122   29.625 2.462601427740295 0.9517700374678896 0.9511457222441654
GL_SH_XF glider_D_v  19 866.1143 0 8263   0 0 437610 2188050000 2188050000   27 0.00016790597666491072 0.9999999998933026 0.999999999893298   14.90625 1.968143403532717 0.9050874513115297 0.905346997060231
GL_SH_XF predpreyfrac_D_x  19 1132.3063 0 11557   0 0 657382 3286910000 3286910000   44 0.34227636360988856 0.9999999587125067 0.9999996561020419   19.4375 318.5545132602644 0.852595572940374 0.852314091374389
GL_SH_XF predpreyfrac_D_y  19 962.4653 0 12162   0 0 684290 3421450000 3421450000   39 0.06967956942803104 0.9999999972832333 1.0000000303360572   19.375 234.29241113384933 0.9193926491345271 0.919407595683974
GL_SH_XF simplependulum_D_A  19 203.5180 0 8555   0 0 298374 298374000 298374000   31 0.0441704661816055 0.999999664085158 1.0000012632249529   18.0 0.044434779032261666 0.9999996612289416 1.0000003074014698
GL_SH_XF simplependulum_D_V  19 212.8209 0 7145   0 0 300678 300678000 300678000   33 0.04047635859047391 0.9999999513088716 0.9999999513088434   21.90625 4.899470023764903 0.9920088377452367 0.991968213331476
GL_SH_XT bacresp_D_x  19 663.1074 0 16029   0 0 919615 91961500 91961500   64 2.7827709760109074 0.9893671475266951 0.9893671475266795   35.59375 5.815980835714341 0.9326384390802444 0.933381115471494
GL_SH_XT bacresp_D_y  19 306.3848 0 14881   0 0 683001 68300100 68300100   55 4.3546144457388625 0.9941659534642906 0.994165953464284   25.34375 9.689859793672948 0.950530715355901 0.9492292491334992
GL_SH_XT chaoticpendulum_D_A  19 384.2819 0 5577   0 0 147646 590584000 590584000   42 0.06315998719935702 0.9999972547090424 0.9999972547089829   29.09375 0.06324476783576255 0.9999972520431268 0.999996972203384
GL_SH_XT chaoticpendulum_D_V  19 1433.8656 0 6300   0 0 338777 1355108000 1355108000   63 73.62790488640312 0.361465743567121 0.36146710389057257   31.5625 74.51285085915168 0.3419663434236777 0.34195220992765574
GL_SH_XT ecoli_D_A  19 713.7097 0 17040   0 0 794699 79469900 79469900   58 0.004098087697528535 0.999973873774654 0.9998548459630869   25.75 0.08260444565831793 0.935433324170852 0.9351678502785664
GL_SH_XT ecoli_D_G  19 656.8619 0 14552   0 0 625888 62588800 62588800   64 0.0001007304689563437 0.9999999960625657 0.999997058774147   34.25 0.021203105738447168 0.9981846179703283 0.9939055715844838
GL_SH_XT ecoli_D_L  19 669.4420 0 20052   0 0 787801 78780100 78780100   60 0.003571666652871862 0.9999887264729859 0.9999887264729899   27.4375 0.07615016390391607 0.967250663157002 0.9677351955174448
GL_SH_XT glider_D_A  19 2275.9656 0 11517   0 0 626020 3130100000 3130100000   63 0.009342243113854532 0.9999998816669827 0.9999889670603641   27.46875 2.9747259940020436 0.9456175362541421 0.9449859757179393
GL_SH_XT glider_D_v  19 1883.6116 0 12995   0 0 612038 3060190000 3060190000   63 0.0001236704691642232 0.9999999999341297 1.0000000499213635   33.375 0.7794939960966922 0.9675655184340496 0.9676054534143593
GL_SH_XT predpreyfrac_D_x  19 2608.2105 0 16064   0 0 952439 4762195000 4762195000   62 0.3044535525097172 0.9999999659605266 0.999999995063017   34.09375 196.610077767591 0.9168705433104934 0.9165872893466374
GL_SH_XT predpreyfrac_D_y  19 2275.5319 0 16592   0 0 974868 4874340000 4874340000   64 0.05611466030152546 0.9999999976479221 1.0000003137960563   30.15625 160.31652981547074 0.9512806350963957 0.9512956692101716
GL_SH_XT simplependulum_D_A  19 397.2567 0 16135   0 0 509190 509190000 509190000   62 0.04396420642977532 0.9999996674240003 0.9999996674245406   26.875 0.0443940760268151 0.999999661838524 1.0000005968234413
GL_SH_XT simplependulum_D_V  19 355.6009 0 13252   0 0 338202 338202000 338202000   64 0.04004481798161888 0.999999951767788 1.0000001722260032   35.96875 4.899154560672762 0.9920088382067571 0.9919684470965932
GL_SM_XF bacresp_D_x  19 384.7624 0 11765   0 0 705828 70582800 70582800   61 2.623567388192099 0.991981986700423 0.9919819475251851   30.90625 5.978135373679818 0.9307483705987917 0.9316393079737135
GL_SM_XF bacresp_D_y  19 226.7637 0 10203   0 0 465031 46503100 46503100   53 4.005557655718079 0.9943702289145019 0.9943702277338982   28.875 9.055824931001467 0.9525702911790603 0.9512707765022188
GL_SM_XF chaoticpendulum_D_A  19 124.6194 0 2446   0 0 57246 228984000 228984000   33 0.06321317288158246 0.9999972526147513 0.9999972526146805   18.84375 0.0632649690796051 0.9999972513076905 0.9999972492247782
GL_SM_XF chaoticpendulum_D_V  19 752.0799 0 4539   0 0 252935 1011740000 1011740000   32 73.73299286447015 0.35541553388530367 0.35541684556986564   30.03125 74.57078726478497 0.34057733875118495 0.34050561111921773
GL_SM_XF ecoli_D_A  19 321.6535 0 9291   0 0 358970 35897000 35897000   39 0.004611803898106821 0.9999693769718494 1.0002688056745264   18.65625 0.08437907453466391 0.9353983160530952 0.9351220257209004
GL_SM_XF ecoli_D_G  19 279.9044 0 9532   0 0 411455 41145500 41145500   45 0.0004440202056866078 0.9999999108432782 0.999999910843278   19.71875 0.023905397317953596 0.9981531917476443 0.9935250908946006
GL_SM_XF ecoli_D_L  19 383.3324 0 8998   0 0 430361 43036100 43036100   46 0.0038466540629333947 0.9999860581813267 0.9994007697853183   20.28125 0.07755521578314938 0.9671720098503974 0.9667571580452787
GL_SM_XF glider_D_A  19 1270.9814 0 9713   0 0 541583 2707915000 2707915000   61 0.006710258410343709 0.9999999390790467 0.9999999390790414   28.375 2.7187134558737687 0.9486664466548647 0.9480352277133722
GL_SM_XF glider_D_v  19 1039.4334 0 7581   0 0 396528 1982640000 1982640000   57 0.00013267569189277938 0.9999999999270521 1.0000000004716099   24.96875 0.7795492388235009 0.9675655183350247 0.9676052805117364
GL_SM_XF predpreyfrac_D_x  19 620.9779 0 8861   0 0 466504 2332520000 2332520000   44 0.33999915427633703 0.9999999593977181 0.9999999593820601   20.0625 250.8675296465992 0.8856211810161772 0.8853385116298627
GL_SM_XF predpreyfrac_D_y  19 828.9145 0 10070   0 0 545889 2729445000 2729445000   27 0.07406973273173137 0.9999999971756911 1.000000034717698   16.3125 383.76296876923146 0.8671186114733191 0.8671382962905605
GL_SM_XF simplependulum_D_A  19 166.5195 0 7432   0 0 217535 217535000 217535000   26 0.044195242687673185 0.9999996642968335 0.9999996642968348   17.21875 0.04443444930987161 0.9999996613173547 1.0000002574641225
GL_SM_XF simplependulum_D_V  19 184.6686 0 6896   0 0 276185 276185000 276185000   28 0.04061244329004959 0.9999999512446186 0.9999999512446184   19.84375 4.899475472246169 0.9920088377681742 0.9919683689552371
GL_SM_XT bacresp_D_x  19 521.7282 0 16644   0 0 977573 97757300 97757300   63 2.778267199275489 0.9901311098508464 0.9900187794486758   33.0 6.03035016996021 0.930956385698981 0.9314789064241995
GL_SM_XT bacresp_D_y  19 319.3017 0 13146   0 0 605633 60563300 60563300   62 4.062676133164388 0.9946895863086177 0.9946895863086193   29.84375 9.284028070084855 0.9518720522653158 0.9505841162458633
GL_SM_XT chaoticpendulum_D_A  19 370.5304 0 4310   0 0 158685 634740000 634740000   61 0.06317714406280979 0.999997252737532 0.9999972527375265   32.0 0.06324594171852616 0.9999972522197891 0.9999969804193404
GL_SM_XT chaoticpendulum_D_V  19 966.0995 0 5219   0 0 278116 1112464000 1112464000   44 73.21221438371363 0.3653215823349537 0.3653215817645108   33.5 74.22740386353506 0.3468778297602413 0.3468704705509341
GL_SM_XT ecoli_D_A  19 476.5330 0 13578   0 0 582057 58205700 58205700   54 0.004506248314893334 0.9999691575520311 0.9999765368857744   28.375 0.08296957177150245 0.9354051104191394 0.9351314990352436
GL_SM_XT ecoli_D_G  19 492.1383 0 12893   0 0 512270 51227000 51227000   63 0.00015637065012647292 0.9999999862689247 0.9999999862689246   29.09375 0.022361278483250452 0.9981800333277708 0.9939075485436485
GL_SM_XT ecoli_D_L  19 448.3024 0 15059   0 0 541079 54107900 54107900   62 0.00421376719034855 0.9999841958307476 0.999984195830746   28.875 0.07540444369828886 0.9672894905389773 0.9669957054087915
GL_SM_XT glider_D_A  19 1732.7535 0 9379   0 0 479140 2395700000 2395700000   64 0.009117501658947627 0.9999998873802082 0.9999986640408399   26.8125 2.719428084041433 0.9486664293433296 0.9480347543872123
GL_SM_XT glider_D_v  19 1636.7883 0 11155   0 0 531596 2657980000 2657980000   63 0.0001236704691642232 0.9999999999341297 1.0000000499213635   33.375 0.7794939960966922 0.9675655184340496 0.9676054534143593
GL_SM_XT predpreyfrac_D_x  19 1376.4236 0 12490   0 0 727172 3635860000 3635860000   62 0.31534599425831 0.9999999635793488 0.9999999643814066   35.03125 196.60331788928156 0.9168705464344317 0.9165872853714897
GL_SM_XT predpreyfrac_D_y  19 1673.2169 0 13893   0 0 796602 3983010000 3983010000   63 0.07880917531060008 0.9999999969767498 0.9999999937993187   31.46875 160.34235810224993 0.9512806314565049 0.9512955678129458
GL_SM_XT simplependulum_D_A  19 444.2207 0 15843   0 0 487728 487728000 487728000   60 0.043899644670130446 0.9999996644308016 0.999999665945698   26.53125 0.04436088756054713 0.9999996615097538 1.0000006106838073
GL_SM_XT simplependulum_D_V  19 350.2457 0 11309   0 0 272355 272355000 272355000   64 0.04013174039921362 0.9999999518161227 0.9999998937083486   34.0 4.899199053533228 0.9920088381806145 0.9919684184388533
GM_SH_XF bacresp_D_x  19 445.7192 0 15382   0 0 891218 89121800 89121800   64 1.8783556940726587 0.9958329813401299 0.995455554456273   35.9375 5.2984226801643475 0.936447804661986 0.9373030175994537
GM_SH_XF bacresp_D_y  19 325.5553 0 14698   0 0 816518 81651800 81651800   49 3.8686680385601244 0.9950392404874928 0.9950392404874824   29.96875 8.52702872319261 0.9540035620198566 0.9525957294108697
GM_SH_XF chaoticpendulum_D_A  19 248.2859 0 4010   0 0 113724 454896000 454896000   41 0.06319782424693322 0.9999972518355141 0.9999972518355104   22.625 0.06326169313024811 0.9999972509253724 0.999997245866514
GM_SH_XF chaoticpendulum_D_V  19 1516.5622 0 7625   0 0 449116 1796464000 1796464000   49 73.25047034129531 0.36613291841770557 0.3661071307956679   20.59375 74.7188308715557 0.33688279687248 0.33675661035604754
GM_SH_XF ecoli_D_A  19 735.5562 0 16206   0 0 871471 87147100 87147100   55 0.004838106257284645 0.9999667714398667 0.9999814727662992   23.90625 0.08396828116269198 0.9352544412213407 0.9349589807541699
GM_SH_XF ecoli_D_G  19 538.9657 0 15278   0 0 687252 68725200 68725200   50 0.00010195361323770045 0.9999999963139501 0.9999999963139502   25.0 0.021928950557221008 0.9981808738417103 0.9939083895021994
GM_SH_XF ecoli_D_L  19 535.3135 0 14758   0 0 635741 63574100 63574100   44 0.004982341456749802 0.9999789142554386 0.9999743577317318   20.0625 0.07855889651438407 0.9671409935620674 0.9675504897013815
GM_SH_XF glider_D_A  19 1747.8641 0 11521   0 0 673050 3365250000 3365250000   63 0.00584988234055713 0.9999999531827833 0.9999999420748279   31.875 2.2744965673360196 0.9535181897229236 0.9528938488625558
GM_SH_XF glider_D_v  19 1548.2207 0 12820   0 0 685467 3427335000 3427335000   34 0.00013202592884748522 0.9999999999278618 0.9999999999278593   25.21875 0.77953613572271 0.9675655183640891 0.9676053300687515
GM_SH_XF predpreyfrac_D_x  19 2006.9666 0 17415   0 0 1038396 5191980000 5191980000   53 0.3240879189199818 0.999999961876087 0.9999999813926282   27.09375 196.6760322078562 0.9168705243539872 0.9165873313627991
GM_SH_XF predpreyfrac_D_y  19 2165.4355 0 17136   0 0 1032172 5160860000 5160860000   63 0.20906514190995315 0.9999999879838251 0.9999999829219659   29.875 160.37953928852744 0.9512806292644408 0.9512957113881665
GM_SH_XF simplependulum_D_A  19 294.0951 0 11081   0 0 374206 374206000 374206000   30 0.04418756890923582 0.9999996642400687 0.9999965974200747   17.75 0.044437941063221006 0.9999996613180342 1.000000585168899
GM_SH_XF simplependulum_D_V  19 291.8870 0 8640   0 0 379518 379518000 379518000   34 0.04039734388368071 0.9999999513361503 0.9999999513361995   22.96875 4.899469342118966 0.9920088377355396 0.9919684082838934
GM_SH_XT bacresp_D_x  19 768.1670 0 18205   0 0 1035459 103545900 103545900   64 2.769793656821491 0.9908230027393008 0.9908230004183454   36.71875 5.751310189271582 0.9337883024695187 0.934618048978803
GM_SH_XT bacresp_D_y  19 484.2968 0 17685   0 0 887797 88779700 88779700   58 3.9827901607274687 0.994673738108586 0.9946737381833051   30.0625 9.24888496293454 0.9517944000851251 0.9505004189571635
GM_SH_XT chaoticpendulum_D_A  19 782.9155 0 6694   0 0 273017 1092068000 1092068000   43 0.06312543262624362 0.9999972564784662 0.9999972564487676   40.53125 0.06321091465255128 0.9999972537617702 0.9999972541325279
GM_SH_XT chaoticpendulum_D_V  19 1500.0950 0 7336   0 0 299565 1198260000 1198260000   41 73.10757352207497 0.36631018236550184 0.36630025442372466   29.5 74.55933328419911 0.34131286181711523 0.341322595622652
GM_SH_XT ecoli_D_A  19 820.0496 0 15280   0 0 611557 61155700 61155700   63 0.005967108254255277 0.9999444954401587 0.9999444954401547   28.75 0.08637179045380936 0.9351533331846186 0.9348711126099732
GM_SH_XT ecoli_D_G  19 1132.3323 0 19946   0 0 844488 84448800 84448800   64 0.0005385922864660823 0.9999998027044246 0.9999998027044249   30.34375 0.02237294131581968 0.998179632031046 0.9939096767948785
GM_SH_XT ecoli_D_L  19 923.9798 0 22865   0 0 935477 93547700 93547700   62 0.0038074710827224125 0.9999868110890617 0.9999868110890613   27.75 0.07614908633797962 0.9672458040318711 0.9677340953442446
GM_SH_XT glider_D_A  19 958.5213 0 13249   0 0 459913 2299565000 2299565000   64 0.008408792040032982 0.9999999040165326 0.9999999040165306   27.71875 2.994264820062308 0.9451297576530513 0.9444985547510688
GM_SH_XT glider_D_v  19 2373.5579 0 17875   0 0 827182 4135910000 4135910000   55 0.0001295511549057198 0.999999999929881 1.0000000001614113   29.21875 0.7795061241529895 0.9675655184075852 0.967605306248631
GM_SH_XT predpreyfrac_D_x  19 1695.6989 0 13831   0 0 806296 4031480000 4031480000   62 0.3157542861838034 0.9999999635761466 0.9999998876337786   32.53125 196.6101269906729 0.916870545731407 0.916587271466959
GM_SH_XT predpreyfrac_D_y  19 2028.2552 0 17035   0 0 990082 4950410000 4950410000   58 0.055961365390189435 0.9999999976574806 1.000000086730731   26.1875 160.2927253632525 0.9512806322925982 0.9512956625627493
GM_SH_XT simplependulum_D_A  19 471.9428 0 19332   0 0 533231 533231000 533231000   61 0.04382122108216242 0.9999996679648783 0.9999996679649058   25.3125 0.04436998217441732 0.9999996619947241 1.0000006251704452
GM_SH_XT simplependulum_D_V  19 360.3441 0 13418   0 0 402180 402180000 402180000   64 0.040206563096214974 0.9999999517986413 1.0000001412354393   36.3125 4.899239595227202 0.992008838173545 0.9919684708444262
GM_SM_XF bacresp_D_x  19 399.8935 0 13179   0 0 748615 74861500 74861500   64 2.230408074256242 0.9939191678560229 0.9939267291567281   32.0 5.810954033037458 0.9324796061588329 0.93335604582702
GM_SM_XF bacresp_D_y  19 286.6448 0 13035   0 0 652228 65222800 65222800   45 3.771171045581959 0.9952261034166564 0.9952261034003689   26.4375 8.918732932697875 0.9530185727171172 0.95150852693529
GM_SM_XF chaoticpendulum_D_A  19 242.7444 0 3227   0 0 119234 476936000 476936000   38 0.06320081621282929 0.9999972515612843 0.9999972515612822   25.03125 0.06325624379858728 0.9999972514741886 0.9999971315159293
GM_SM_XF chaoticpendulum_D_V  19 945.8483 0 5850   0 0 323644 1294576000 1294576000   61 73.1168467051984 0.3634687320600938 0.36404987389244875   25.34375 74.53398702821285 0.3403451553414313 0.34035057655411616
GM_SM_XF ecoli_D_A  19 526.5475 0 12693   0 0 661052 66105200 66105200   49 0.0048696397058810995 0.999966459670757 1.0001451754449422   23.8125 0.08271270799148435 0.9354332960246835 0.9351511535779988
GM_SM_XF ecoli_D_G  19 394.2976 0 11299   0 0 509543 50954300 50954300   46 0.00010985817550235094 0.9999999936039132 0.9999999936039131   25.03125 0.02195753021884739 0.9981793433302091 0.9939072378876083
GM_SM_XF ecoli_D_L  19 333.2009 0 10479   0 0 381779 38177900 38177900   22 0.006698028833849705 0.9999576860845446 0.9999576860845449   12.96875 0.08279444687761814 0.9669297061988682 0.9674009833770826
GM_SM_XF glider_D_A  19 1349.5920 0 9932   0 0 563103 2815515000 2815515000   64 0.007657105120922762 0.9999999206107449 0.99999758339105   32.0 2.462515151043522 0.9517776064715867 0.9511527363563735
GM_SM_XF glider_D_v  19 1273.2665 0 9611   0 0 509812 2549060000 2549060000   63 0.00013513230775228779 0.9999999999247683 0.999999992482905   29.6875 0.7795330707363981 0.9675655183717373 0.9676050784572134
GM_SM_XF predpreyfrac_D_x  19 1456.3262 0 13648   0 0 816328 4081640000 4081640000   62 0.3669682320174958 0.9999999522043611 0.999999952204362   31.71875 196.6555510977904 0.9168705328792999 0.9165873105361041
GM_SM_XF predpreyfrac_D_y  19 2442.3474 0 15804   0 0 988951 4944755000 4944755000   64 0.1574262158423529 0.999999992549027 0.9999999925041784   32.1875 160.35248775001838 0.951280633072613 0.9512956065740692
GM_SM_XF simplependulum_D_A  19 171.8242 0 8335   0 0 254073 254073000 254073000   26 0.04427929987399248 0.9999996652157953 0.9999996652157953   16.125 0.04445464383622893 0.9999996612729964 1.0000002574197566
GM_SM_XF simplependulum_D_V  19 237.6349 0 7748   0 0 254777 254777000 254777000   41 0.04054348003116421 0.9999999511893254 1.000000194350796   23.875 4.89945295763573 0.9920088378022905 0.9919684293148826
GM_SM_XT bacresp_D_x  19 636.1077 0 17055   0 0 990617 99061700 99061700   61 2.6710854071277494 0.9908552580493696 0.9903253313636724   34.0625 5.908126210779602 0.9323462568197335 0.9331238801420961
GM_SM_XT bacresp_D_y  19 395.7914 0 15454   0 0 769249 76924900 76924900   60 3.995513459595982 0.9947410916395663 0.9947410916391888   29.28125 9.324311237994994 0.95156628051909 0.950278265074358
GM_SM_XT chaoticpendulum_D_A  19 402.4244 0 5787   0 0 159290 637160000 637160000   63 0.0631757550500921 0.9999972527980274 0.9999972527980262   32.78125 0.0632409630291023 0.9999972524012175 0.9999972371707704
GM_SM_XT chaoticpendulum_D_V  19 1017.7235 0 6190   0 0 254871 1019484000 1019484000   39 73.22273797596722 0.3634908322486632 0.36252353690276223   30.15625 74.54605318923772 0.3417302062997814 0.34169372238656015
GM_SM_XT ecoli_D_A  19 541.2843 0 12099   0 0 480740 48074000 48074000   63 0.005967108254255277 0.9999444954401587 0.9999444954401547   31.96875 0.08419455507717775 0.9353700663694152 0.935098197963943
GM_SM_XT ecoli_D_G  19 816.6562 0 16584   0 0 722248 72224800 72224800   57 0.00011851163234437134 0.9999999899232067 0.9999999899232065   26.875 0.022436773807351065 0.9981792466053832 0.993906711830498
GM_SM_XT ecoli_D_L  19 555.6594 0 15321   0 0 580794 58079400 58079400   64 0.004310679871530299 0.9999764082757147 0.999976408275715   24.15625 0.07855837708149228 0.9671370767336328 0.9675396492384135
GM_SM_XT glider_D_A  19 1716.8919 0 13001   0 0 540575 2702875000 2702875000   64 0.008838475604518801 0.9999998937519322 0.9999998937519265   30.09375 2.7187730593390502 0.9486740100924185 0.9480427873529675
GM_SM_XT glider_D_v  19 2677.9052 0 15903   0 0 858328 4291640000 4291640000   64 0.00012364960925357831 0.999999999934253 0.9999999969882866   35.15625 0.7794733866221201 0.9675655184644982 0.9676053167969192
GM_SM_XT predpreyfrac_D_x  19 1255.0053 0 11632   0 0 673786 3368930000 3368930000   62 0.3157542861838034 0.9999999635761466 0.9999998876337786   32.5 196.61086595423106 0.9168705454501624 0.9165872657263375
GM_SM_XT predpreyfrac_D_y  19 1514.3235 0 13825   0 0 796077 3980385000 3980385000   62 0.05863384451678683 0.9999999975867085 1.000001163833717   25.3125 160.31309867060713 0.9512806275710567 0.9512956825999308
GM_SM_XT simplependulum_D_A  19 507.8092 0 17635   0 0 582193 582193000 582193000   64 0.04385734586420631 0.9999996648859089 0.9999996656249172   25.59375 0.04437470776406342 0.999999661599558 1.0000005843193487
GM_SM_XT simplependulum_D_V  19 314.5478 0 11267   0 0 396560 396560000 396560000   64 0.040278939211862964 0.9999999517016389 1.0000002781790638   31.09375 4.899343992454481 0.992008837915969 0.991968429360536
GL_SH_XF korns_01  19 426.3959 0 20554   0 0 482551 482551000 482551000   20 2.94328881521115e-09 1 1.000000000000001   11.46875 144.27236053585764 0.9063427424407446 0.9064739059805804
GL_SH_XF korns_02  19 411.4882 0 15718   0 0 484021 968042000 968042000   15 2410.6214936420165 0.9642364292614749 0.9642738074299931   9.03125 8001.444979856584 0.7018798624970473 0.7016597855268434
GL_SH_XF korns_03  19 616.9278 0 23910   0 0 835056 1670112000 1670112000   17 921.0910239448277 0.9999999979098346 0.999999997557437   10.34375 7190447.520775253 0.5905598728319954 0.5908793965298798
GL_SH_XF korns_04  19 1345.3499 0 40399   0 0 1076336 2152672000 2152672000   43 8.986723882466015e-11 1 1.0000000000000022   23.5 7.3502925183746735 -59.513079241112514 60.96358274906063
GL_SH_XF korns_10  19 1135.6041 0 34631   0 0 1347068 2694136000 2694136000   27 1794858.1718128948 0.9973064377149655 0.9973460205655432   18.8125 10160539.843116514 0.8178052707693388 0.8180874285528302
GL_SH_XF korns_11  19 1314.6524 0 27224   0 0 1141196 2282392000 2282392000   41 173.34905406258952 0.5576439206780612 0.5576439187021877   19.34375 208.9467703812828 0.32831594858071417 0.4198500910644624
GL_SH_XF korns_12  19 1038.1981 0 42019   0 0 1063447 2126894000 2126894000   31 34.00616716491205 0.08498140281835886 0.08498140281835684   18.65625 36.76816495890905 -0.12297384528654907 0.26112087535834716
GL_SH_XF koza_01  19 146.5233 0 4117   0 0 154195 154195000 154195000   34 8.178403044703357e-13 1 1   23.28125 249.33651510445466 0.8998227273186357 0.9247720382946814
GL_SH_XF koza_02  19 74.8464 0 2564   0 0 86867 86867000 86867000   44 78.48846612773006 0.9999972463896534 0.9999965493502188   14.1875 15775.10929953922 0.7872531460074091 0.787287438789118
GL_SH_XF koza_03  19 116.1650 0 3068   0 0 129012 129012000 129012000   50 0.3072089393548574 0.9999999997095567 0.9999999997095551   27.21875 2123.4111178944345 0.9070554123209402 0.9155918772788302
GL_SH_XF nguyen_02  19 125.3821 0 3510   0 0 132621 132621000 132621000   40 2.117595770155733e-12 1 0.9999999999999999   21.3125 513.5396419808128 0.9004538904451551 0.9260885466292437
GL_SH_XF nguyen_03  19 224.9035 0 4226   0 0 256046 256046000 256046000   33 0.7450125912505923 0.9999999989454033 0.9999963885503481   23.96875 2575.8112632531447 0.9662538961986494 0.9685752467590086
GL_SH_XF nguyen_04  19 209.1152 0 4041   0 0 214902 214902000 214902000   51 11.865215517744607 0.9999999830419669 1.00001733619134   24.34375 13504.354547127621 0.9030814749248445 0.9082243553399852
GL_SH_XF nguyen_05  19 188.9176 0 3284   0 0 163278 163278000 163278000   20 7.391366701521749e-14 1 0.9999999999999972   10.09375 26.482034856748623 0.22264033433651603 0.36628009960502084
GL_SH_XF nguyen_06  19 133.0031 0 2932   0 0 88964 88964000 88964000   37 5.3055318557367054e-14 1 0.9999999999999997   15.9375 20.655786648679985 0.7932469121505286 0.7938716158546377
GL_SH_XF nguyen_09  19 302.0335 0 8046   0 0 310526 621052000 621052000   35 19.971039389176724 0.5626065447686943 0.562606544768674   19.09375 21.482435788635286 0.48807231857338007 0.4907087937347587
GL_SH_XF nguyen_12  19 487.6605 0 10388   0 0 424208 848416000 848416000   50 1.63819224637061e-12 1 1.0000000000000002   24.0625 740.5623952635779 0.8686215625036539 0.8824117885004088
GL_SH_XT korns_01  19 604.4879 0 23354   0 0 554084 554084000 554084000   33 2.9167105626515775e-09 1 0.9999999999999998   19.75 1.097933445987013 0.9999838902586422 1.000022551632533
GL_SH_XT korns_02  19 932.5902 0 28230   0 0 890369 1780738000 1780738000   53 1643.8655322769666 0.9960963283945944 0.9960833275971411   21.6875 5131.01155191186 0.8465402233851198 0.8462737278798322
GL_SH_XT korns_03  19 1128.8832 0 33629   0 0 1484157 2968314000 2968314000   39 444.23880793266653 0.9999999994474885 0.999999999447489   18.1875 2473941.393645919 0.8717721602047213 0.8718622722112277
GL_SH_XT korns_04  19 2534.3932 0 63209   0 0 1562544 3125088000 3125088000   61 8.952779634391693e-11 1 0.9999999999999989   37.6875 7.350292518374373 -59.513079241112514 60.96358274906063
GL_SH_XT korns_10  19 1953.2688 0 48993   0 0 2049520 4099040000 4099040000   52 1722857.8286922125 0.9976403502731754 0.9976403502731799   26.1875 8278321.782192672 0.855625864918065 0.8558340588957528
GL_SH_XT korns_11  19 2071.4205 0 44025   0 0 1270090 2540180000 2540180000   64 173.0160463790619 0.5645333526640135 0.5645333526640105   26.90625 205.6344135092838 0.3486638901327004 0.4542880847872929
GL_SH_XT korns_12  19 2778.2001 0 70435   0 0 1915215 3830430000 3830430000   51 24.668965030901013 0.5295689983660421 0.5295689983620993   22.3125 34.22736915816471 0.005735919548758371 0.3898306401036965
GL_SH_XT koza_01  19 221.8212 0 5125   0 0 183404 183404000 183404000   52 7.998654693798628e-13 1 0.9999999999999999   21.1875 438.51644798788556 0.8043212897353547 0.8814607258898169
GL_SH_XT koza_02  19 155.1822 0 3629   0 0 137381 137381000 137381000   64 1.2668633360654042 0.9999999992960472 1.0000000204716601   35.6875 7264.689860121491 0.9093474531095286 0.9093567298740716
GL_SH_XT koza_03  19 193.3642 0 3609   0 0 148271 148271000 148271000   63 0.008190959991855326 0.9999999999997797 0.9999999999997792   31.625 2130.898241169682 0.9070493025406005 0.9155737279666295
GL_SH_XT nguyen_02  19 218.1158 0 4953   0 0 192218 192218000 192218000   61 2.0832326291108357e-12 1 0.9999999999999999   28.28125 511.239037711306 0.9004553316071764 0.9260974547479308
GL_SH_XT nguyen_03  19 317.2094 0 3809   0 0 205013 205013000 205013000   64 0.6692595173887915 0.9999999986162648 0.9999999985961745   28.78125 2465.3033266933257 0.9677318978010546 0.9691910205683487
GL_SH_XT nguyen_04  19 183.2468 0 3927   0 0 182138 182138000 182138000   62 6.769128436543201e-11 1 0.9999999999999994   31.625 13468.064976345971 0.9034668624204638 0.908665065333582
GL_SH_XT nguyen_05  19 226.1000 0 5409   0 0 142161 142161000 142161000   32 6.405753280637633e-14 1 0.9999999999999992   22.375 10.226062405674904 0.694859743022104 0.7663249137995929
GL_SH_XT nguyen_06  19 253.7662 0 4905   0 0 150536 150536000 150536000   34 11.716571912267007 0.9554932922908058 0.9540995709020941   29.3125 17.320033524010924 0.8698877302712491 0.8699841507505328
GL_SH_XT nguyen_09  19 553.5558 0 11110   0 0 403343 806686000 806686000   54 7.747010310261656e-14 1 0.9999999999999992   28.09375 14.870858142349498 0.6406366175771389 0.6430168934403602
GL_SH_XT nguyen_12  19 530.9589 0 11692   0 0 476106 952212000 952212000   63 1.5951912820132376e-12 1 1   25.6875 715.3840042907742 0.8698981225331948 0.8832922059516117
GL_SM_XF korns_01  19 228.6433 0 10413   0 0 227837 227837000 227837000   24 2.940773687925126e-09 1 1.0000000000000007   14.90625 1.0979334459985737 0.9999838902586422 1.000022551632533
GL_SM_XF korns_02  19 229.1889 0 9420   0 0 279222 558444000 558444000   15 2410.6214936420165 0.9642364292614749 0.9642738074299931   8.5 8835.856623036882 0.665837536379482 0.6659024917942562
GL_SM_XF korns_03  19 387.2835 0 14736   0 0 556264 1112528000 1112528000   24 707.7332582363081 0.9999999987163027 0.9999999987163027   13.3125 3679419.6581508084 0.8087116009749652 0.8088661479185051
GL_SM_XF korns_04  19 700.8833 0 23780   0 0 525745 1051490000 1051490000   44 8.984423683155057e-11 1 0.9999999999999984   22.5625 7.350292518374679 -59.513079241112514 60.96358274906063
GL_SM_XF korns_10  19 429.4871 0 15446   0 0 449840 899680000 899680000   24 3136834.0150129604 0.9890366414377956 0.9890366414388055   16.375 12996575.323812239 0.754744894251157 0.7549961760652013
GL_SM_XF korns_11  19 407.7278 0 16563   0 0 374119 748238000 748238000   35 186.18264874622622 0.49220594839127674 0.49220594839127585   15.09375 223.30582790580348 0.22190932184361367 0.3975643092880668
GL_SM_XF korns_12  19 668.6234 0 19798   0 0 469571 939142000 939142000   40 34.00326997884926 0.09582589608623693 0.09582589606674961   22.6875 36.77323404495763 -0.12112282429861813 0.2629719657999037
GL_SM_XF koza_01  19 193.1376 0 4464   0 0 161049 161049000 161049000   58 7.994420518209624e-13 1 1   29.875 248.5489876399291 0.8998274297357395 0.924776740711967
GL_SM_XF koza_02  19 63.0592 0 2236   0 0 74183 74183000 74183000   44 78.48846612773006 0.9999972463896534 0.9999965493502188   14.1875 15775.10929953922 0.7872531460074091 0.787287438789118
GL_SM_XF koza_03  19 135.7302 0 3106   0 0 156388 156388000 156388000   44 4.981966115469145 0.999999920861385 0.9999789912561204   22.90625 2849.62094644462 0.8656297464269909 0.8950478884741065
GL_SM_XF nguyen_02  19 110.3363 0 3292   0 0 122916 122916000 122916000   40 2.117595770155733e-12 1 0.9999999999999999   21.3125 513.5396419808128 0.9004538904451551 0.9260885466292437
GL_SM_XF nguyen_03  19 208.4113 0 4405   0 0 258873 258873000 258873000   54 1.186045886933246 0.999999997467534 0.9999999974675332   26.1875 2705.1792900738315 0.9655910153737277 0.967788688097741
GL_SM_XF nguyen_04  19 183.3414 0 3976   0 0 229527 229527000 229527000   59 482.566200065271 0.99997215804654 0.9999721572199435   27.5 14939.852026778677 0.9020459472142256 0.9070503577934188
GL_SM_XF nguyen_05  19 105.5123 0 3103   0 0 83507 83507000 83507000   27 6.431103326308753e-14 1 0.9999999999999993   17.6875 15.70051733870404 0.5336670935683354 0.6352959213541207
GL_SM_XF nguyen_06  19 114.0175 0 2782   0 0 83477 83477000 83477000   37 5.3055318557367054e-14 1 0.9999999999999997   15.9375 20.655786648679985 0.7932469121505286 0.7938716158546377
GL_SM_XF nguyen_09  19 187.8897 0 6491   0 0 204692 409384000 409384000   30 19.300607577608872 0.5992464152321537 0.5992464151969611   16.65625 21.771934571275004 0.47281757340796926 0.4769981690617761
GL_SM_XF nguyen_12  19 501.6365 0 8233   0 0 398075 796150000 796150000   49 0.8845045667642766 0.9999999397930855 1.0000626181728993   24.3125 771.8611258982372 0.8683099731779087 0.8811128214637205
GL_SM_XT korns_01  19 335.1989 0 16263   0 0 355178 355178000 355178000   29 2.9199184250309708e-09 1 0.9999999999999998   17.5 1.0979334459879646 0.9999838902586422 1.000022551632533
GL_SM_XT korns_02  19 465.3042 0 16463   0 0 543958 1087916000 1087916000   40 1682.7924184226576 0.9962262488330977 0.9962225260540644   20.625 6314.166931537815 0.8298316756645342 0.8298670097483909
GL_SM_XT korns_03  19 678.7263 0 19533   0 0 850779 1701558000 1701558000   42 1.988221321574623 0.9999999999999932 0.999999999999995   20.28125 2473807.4130406994 0.8717721605808811 0.8718622632301671
GL_SM_XT korns_04  19 1759.0304 0 39730   0 0 879544 1759088000 1759088000   63 8.933296293768509e-11 1 0.9999999999999993   37.1875 7.35029251837435 -59.513079241112514 60.96358274906063
GL_SM_XT korns_10  19 1181.5088 0 31052   0 0 1031418 2062836000 2062836000   61 2385969.6542218546 0.9940577561027516 0.9940423538112746   29.9375 9871187.688265555 0.8336402340302078 0.8338950166132805
GL_SM_XT korns_11  19 901.8856 0 29462   0 0 765787 1531574000 1531574000   48 180.46548108034932 0.5242656678981374 0.5242656678981257   24.0625 207.03153464206366 0.34161533719863457 0.43304087508788447
GL_SM_XT korns_12  19 730.5467 0 26317   0 0 589793 1179586000 1179586000   55 30.47125630307797 0.2768398676612598 0.27683986715240727   19.75 36.16234644662461 -0.08892568522563013 0.2951696154280918
GL_SM_XT koza_01  19 218.2285 0 4663   0 0 165188 165188000 165188000   62 7.998744582361518e-13 1 1   21.4375 461.0780508024892 0.7893709634405381 0.866510399595005
GL_SM_XT koza_02  19 146.8908 0 3363   0 0 121946 121946000 121946000   64 1.2668633360654042 0.9999999992960472 1.0000000204716601   35.6875 7264.660686329931 0.9093474532243605 0.90935673343241
GL_SM_XT koza_03  19 194.0225 0 5075   0 0 199699 199699000 199699000   64 0.0006442683010143578 0.9999999999999988 0.9999999999999998   33.59375 2117.066215295631 0.9070516837042419 0.9162949511692327
GL_SM_XT nguyen_02  19 200.9081 0 4749   0 0 182646 182646000 182646000   61 2.0832326291108357e-12 1 0.9999999999999999   27.0 512.8310873820303 0.9004493689986571 0.926091492139476
GL_SM_XT nguyen_03  19 277.8880 0 3378   0 0 176940 176940000 176940000   64 0.6692595173887915 0.9999999986162648 0.9999999985961745   28.78125 2465.3033266933257 0.9677318978010546 0.9691910205683487
GL_SM_XT nguyen_04  19 210.2243 0 3449   0 0 153653 153653000 153653000   64 0.449947973501598 0.9999999999847307 0.9999999999847313   31.53125 13453.632081878062 0.9045502253575436 0.9089694262324997
GL_SM_XT nguyen_05  19 243.3990 0 4448   0 0 141908 141908000 141908000   18 6.494629530236964e-14 1 0.9999999999999994   9.8125 27.566798569408444 0.1870524308270187 0.3316705155739064
GL_SM_XT nguyen_06  19 285.7669 0 4743   0 0 162047 162047000 162047000   64 0.8591841671129269 0.9997640750709335 0.9997640750709336   38.0625 14.0559242972048 0.890298499794582 0.8905335757539101
GL_SM_XT nguyen_09  19 436.1385 0 9789   0 0 349424 698848000 698848000   60 18.8150181402218 0.6116847654518811 0.6116847654499841   28.28125 21.118216776984735 0.5044854914898694 0.506503776469628
GL_SM_XT nguyen_12  19 422.1073 0 8863   0 0 355057 710114000 710114000   63 1.5951912820132376e-12 1 1   26.78125 715.3840042907742 0.8698981225331948 0.8832922059516117
GM_SH_XF korns_01  19 677.3820 0 27652   0 0 675979 675979000 675979000   19 2.9041524376121346e-09 1 0.9999999999999984   13.84375 1.0979334459948922 0.9999838902586422 1.0000225516325327
GM_SH_XF korns_02  19 1048.5679 0 35411   0 0 1145234 2290468000 2290468000   30 4.370377186034011e-09 1 1.0000000000000002   11.6875 6190.935924693895 0.7726327296075635 0.7723957922090215
GM_SH_XF korns_03  19 977.3750 0 32094   0 0 1396904 2793808000 2793808000   31 2.325067723054995e-06 1 0.9999999999999996   17.1875 2473725.540973752 0.871772160509583 0.8718622831945112
GM_SH_XF korns_04  19 1913.4231 0 55795   0 0 1749585 3499170000 3499170000   43 8.995608166582806e-11 1 0.999999999999998   24.34375 7.350292518374718 -59.513079241112514 60.96358274906063
GM_SH_XF korns_10  19 2575.6622 0 53017   0 0 2429936 4859872000 4859872000   40 1166730.0840610168 0.998747714214963 0.9987488595263778   22.75 9303793.193560196 0.8248746882001207 0.8250979056429247
GM_SH_XF korns_11  19 980.3452 0 39773   0 0 1115045 2230090000 2230090000   27 181.0113369034488 0.5208230403479945 0.520823040347932   14.46875 211.96238562658928 0.30910061248730797 0.3985969785655011
GM_SH_XF korns_12  19 2120.0013 0 54423   0 0 1685510 3371020000 3371020000   53 33.58529524334799 0.11074663799983564 0.11074663799784012   29.8125 36.53815781610713 -0.11171567540863692 0.2723790454748567
GM_SH_XF koza_01  19 249.3386 0 5850   0 0 220012 220012000 220012000   62 7.927536757879752e-13 1 1   21.71875 283.0019082056423 0.8953700229978404 0.9170464002197977
GM_SH_XF koza_02  19 80.9808 0 2709   0 0 108537 108537000 108537000   36 2.5403700555274694e-11 1 0.9999999999999996   21.0625 5145.560366943598 0.9316102526758925 0.9316219796426023
GM_SH_XF koza_03  19 115.4989 0 3682   0 0 141922 141922000 141922000   45 1.0947567216435107e-11 1 1   23.59375 2766.1349497532565 0.8657052233618223 0.8952808345991963
GM_SH_XF nguyen_02  19 219.2434 0 5015   0 0 195678 195678000 195678000   44 2.048688948178534e-12 1 0.9999999999999996   16.75 545.8369956249854 0.8996621929434165 0.9264649395863928
GM_SH_XF nguyen_03  19 246.5777 0 5348   0 0 271186 271186000 271186000   45 1.3233152236956399e-11 1 1.0000000000000004   22.59375 2365.124860310696 0.9665163801689334 0.9690341076386836
GM_SH_XF nguyen_04  19 223.4324 0 4723   0 0 252957 252957000 252957000   54 0.0052959798889665455 0.9999999999999963 0.9999999397425906   25.90625 14123.359687755967 0.9027361354731983 0.9050776071179545
GM_SH_XF nguyen_05  19 129.0954 0 3561   0 0 119739 119739000 119739000   30 6.374458539114973e-14 1 0.999999999999999   16.5625 15.535025546650202 0.5596718710645723 0.6498711720057971
GM_SH_XF nguyen_06  19 125.6749 0 3181   0 0 102019 102019000 102019000   41 15.174735596914074 0.9257151028146733 0.9257151028146708   21.0625 19.645442479964387 0.8472061986615408 0.8471923928402515
GM_SH_XF nguyen_09  19 352.5282 0 9999   0 0 381979 763958000 763958000   27 1.1302820824335929e-13 1 0.999999999999996   21.0625 20.147932846946052 0.5192432272724281 0.5218797024501245
GM_SH_XF nguyen_12  19 1455.2297 0 13954   0 0 732910 1465820000 1465820000   58 1.6072270478141612e-12 1 1.0000000000000002   23.75 809.4373840209167 0.86423314785606 0.8734779672209849
GM_SH_XT korns_01  19 842.8771 0 35547   0 0 871852 871852000 871852000   45 2.8939334090019154e-09 1 0.9999999999999994   23.40625 1.0979334459841539 0.9999838902586422 1.0000225516325327
GM_SH_XT korns_02  19 1067.6912 0 38847   0 0 1223530 2447060000 2447060000   39 1640.754607407496 0.9958816536877273 0.9947033802098473   17.8125 5168.22877710894 0.846480483269056 0.8460410100865682
GM_SH_XT korns_03  19 1965.9903 0 48609   0 0 2409950 4819900000 4819900000   41 4.444341560945331e-06 1 1.0000000000000002   22.0 1949763.5668322607 0.902991819003683 0.9030819215610165
GM_SH_XT korns_04  19 3186.1761 0 67200   0 0 1801561 3603122000 3603122000   64 8.953072242369644e-11 1 0.9999999999999982   36.65625 7.262374135162111 -59.48275504154194 60.9939069486312
GM_SH_XT korns_10  19 3859.7620 0 65048   0 0 3037582 6075164000 6075164000   64 1570800.1116316833 0.9977933493731435 0.997815972064616   33.09375 7522801.925447306 0.8790350122614319 0.879066448096226
GM_SH_XT korns_11  19 4395.9026 0 80883   0 0 2534580 5069160000 5069160000   46 170.44689838264026 0.5744208704899718 0.5744208704509264   20.9375 206.52964687704764 0.34183960444267064 0.4333684705616837
GM_SH_XT korns_12  19 3585.0848 0 75077   0 0 1942965 3885930000 3885930000   64 21.779224297984683 0.6206725509396445 0.6206725509329304   36.03125 32.59951652274967 0.07578980456863142 0.4598845251033575
GM_SH_XT koza_01  19 326.8210 0 6518   0 0 241121 241121000 241121000   64 7.978421682248581e-13 1 0.9999999999999999   22.1875 283.8234308710802 0.895363785607558 0.9166578454510012
GM_SH_XT koza_02  19 182.7746 0 4737   0 0 185328 185328000 185328000   29 2.5138357460662394e-11 1 0.9999999999999998   25.34375 5135.464406909965 0.9316116569740572 0.9316233293512468
GM_SH_XT koza_03  19 250.8024 0 5652   0 0 235136 235136000 235136000   61 1.0746817769111525e-11 1 1.0000000000000002   30.4375 2148.999739562073 0.9070094061427435 0.915592632328901
GM_SH_XT nguyen_02  19 245.7732 0 5948   0 0 223556 223556000 223556000   49 2.0828139525720603e-12 1 0.9999999999999998   26.8125 522.255771940714 0.9000862976926213 0.9254254884174755
GM_SH_XT nguyen_03  19 316.4788 0 5830   0 0 295175 295175000 295175000   42 1.2869646537478567e-11 1 1.0000000000000004   28.59375 2338.1118498137607 0.96657121110378 0.9692080497618982
GM_SH_XT nguyen_04  19 412.1514 0 6682   0 0 369230 369230000 369230000   62 6.644465168951087e-11 1 0.9999999999999997   28.28125 13954.23479172533 0.9032291502051327 0.9066609580416557
GM_SH_XT nguyen_05  19 343.3965 0 4932   0 0 195051 195051000 195051000   25 6.441414154184543e-14 1 0.9999999999999997   14.71875 15.318017613607893 0.5532795789375072 0.667800172648041
GM_SH_XT nguyen_06  19 284.6869 0 5306   0 0 159417 159417000 159417000   34 11.716571912267007 0.9554932922908058 0.9540995709020941   27.03125 17.545536983265187 0.8674338115970294 0.8678099155554548
GM_SH_XT nguyen_09  19 681.4594 0 15713   0 0 616364 1232728000 1232728000   55 18.8452123792813 0.6135436370290681 0.613543637029064   28.46875 20.92508739467213 0.5138256770029564 0.5158224396568907
GM_SH_XT nguyen_12  19 776.4303 0 14800   0 0 647874 1295748000 1295748000   41 1.6004627490675738e-12 1 1.0000000000000002   20.4375 716.5205945512787 0.8702445431731022 0.8795074907302374
GM_SM_XF korns_01  19 310.7889 0 17349   0 0 382483 382483000 382483000   25 2.9331065371502746e-09 1 0.9999999999999998   15.28125 1.097933445998097 0.9999838902586422 1.000022551632533
GM_SM_XF korns_02  19 299.0577 0 13858   0 0 438237 876474000 876474000   19 2055.7468986500653 0.9800286252241324 0.9654178999450994   11.40625 7500.897832367296 0.7358786215799047 0.7345940938850544
GM_SM_XF korns_03  19 428.9061 0 17852   0 0 733076 1466152000 1466152000   25 4.771815843548276e-06 1 1.0000000000000002   13.1875 4569994.386578266 0.7467822885576216 0.7469679662135884
GM_SM_XF korns_04  19 938.1953 0 32843   0 0 864108 1728216000 1728216000   50 8.990657681329883e-11 1 0.9999999999999991   22.15625 7.350292518374743 -59.513079241112514 60.96358274906063
GM_SM_XF korns_10  19 1258.2976 0 28472   0 0 1161904 2323808000 2323808000   49 1108268.9552274358 0.9984677698659148 0.9983520616755224   23.53125 8309688.144118491 0.8540533920067097 0.8542373182829579
GM_SM_XF korns_11  19 704.7498 0 29174   0 0 786152 1572304000 1572304000   33 187.540173848181 0.48252735688325754 0.48252735688188486   16.9375 212.0823082558636 0.31124333493795425 0.4027722010656838
GM_SM_XF korns_12  19 690.6339 0 27716   0 0 728492 1456984000 1456984000   26 33.621467630285565 0.11106121261515245 0.11106121261515194   15.78125 36.80397511278028 -0.12494339743810537 0.25915132334524643
GM_SM_XF koza_01  19 132.5698 0 3853   0 0 131180 131180000 131180000   25 8.001584058820085e-13 1 1   20.5 336.46094847776124 0.8486582111162053 0.9014452015796454
GM_SM_XF koza_02  19 50.8031 0 2248   0 0 81525 81525000 81525000   43 2.537403563099269e-11 1 0.9999999999999998   23.71875 5145.560366943597 0.9316102526758925 0.9316219796426023
GM_SM_XF koza_03  19 103.9338 0 3614   0 0 156834 156834000 156834000   43 1.0838059249006975e-11 1 0.9999999999999998   23.90625 2782.8279664708843 0.8656841114536025 0.8944693739719178
GM_SM_XF nguyen_02  19 155.4610 0 4084   0 0 155006 155006000 155006000   52 2.077328621771473e-12 1 0.9999999999999998   25.4375 508.80436003632565 0.900462376838412 0.9257951209235904
GM_SM_XF nguyen_03  19 173.5308 0 4111   0 0 207609 207609000 207609000   46 1.2926212679784294e-11 1 1.0000000000000004   21.65625 2359.276859171451 0.9665198903058911 0.9690471714184999
GM_SM_XF nguyen_04  19 291.6845 0 3648   0 0 204710 204710000 204710000   62 6.569574477251539e-11 1 1   28.84375 13160.003942909465 0.9047807640980321 0.9087393912420187
GM_SM_XF nguyen_05  19 135.1297 0 3414   0 0 80289 80289000 80289000   44 6.391224518561518e-14 1 0.999999999999999   24.5625 11.697166266555323 0.6596124482270416 0.7239431047262367
GM_SM_XF nguyen_06  19 151.2667 0 3404   0 0 123946 123946000 123946000   52 2.1857961590943082e-11 1 0.9999999999998475   28.40625 18.258822435966337 0.8569183996858775 0.8569682467231738
GM_SM_XF nguyen_09  19 257.0887 0 8266   0 0 269042 538084000 538084000   30 19.300607577608872 0.5992464152321537 0.5992464151969611   17.15625 21.741864725566185 0.4739240463023127 0.47806936607991984
GM_SM_XF nguyen_12  19 394.9579 0 10999   0 0 401674 803348000 803348000   43 1.5994727927693108e-12 1 1   20.375 758.9581520384536 0.8677177617753805 0.8769528209884366
GM_SM_XT korns_01  19 443.2878 0 22895   0 0 514995 514995000 514995000   22 2.9312626496056996e-09 1 0.9999999999999998   14.625 1.0979334459967296 0.9999838902586422 1.000022551632533
GM_SM_XT korns_02  19 448.3607 0 20918   0 0 687199 1374398000 1374398000   19 2055.7468986500653 0.9800286252241324 0.9654178999450994   12.03125 7381.767332472548 0.7389986937383838 0.7381647380079998
GM_SM_XT korns_03  19 650.6857 0 25531   0 0 1065621 2131242000 2131242000   30 4.560108922501073e-06 1 1.0000000000000002   13.78125 3521985.340855942 0.809279797558344 0.8094335313276421
GM_SM_XT korns_04  19 1989.2215 0 44787   0 0 1177389 2354778000 2354778000   64 8.943590640271426e-11 1 0.999999999999998   34.375 7.350292518374463 -59.513079241112514 60.96358274906063
GM_SM_XT korns_10  19 2386.3157 0 40866   0 0 1746265 3492530000 3492530000   64 1482072.6979435948 0.9978097847882706 0.9977989240795018   29.9375 10630303.60462106 0.8090363365344316 0.8092502063752018
GM_SM_XT korns_11  19 3185.1094 0 55869   0 0 1646194 3292388000 3292388000   59 172.4232953319949 0.5645083989398066 0.5645083989398063   26.4375 205.32283596924438 0.3504183022550798 0.4409336985634834
GM_SM_XT korns_12  19 1279.3830 0 43507   0 0 1081958 2163916000 2163916000   59 26.458611786435746 0.4481016111503573 0.448101611149763   23.46875 35.571097982274814 -0.060457220467884404 0.3236375004573955
GM_SM_XT koza_01  19 267.1804 0 5365   0 0 184731 184731000 184731000   62 7.946678181540611e-13 1 1   23.8125 385.99608392326644 0.8205739956677135 0.8977134318221818
GM_SM_XT koza_02  19 160.5344 0 4490   0 0 174749 174749000 174749000   29 2.5138357460662394e-11 1 0.9999999999999998   25.15625 5135.630394476664 0.9316116566092832 0.9316233289864728
GM_SM_XT koza_03  19 185.0491 0 6051   0 0 218118 218118000 218118000   40 1.0827473621211061e-11 1 1   27.28125 2116.7082647508137 0.9070584787265421 0.9163017461915917
GM_SM_XT nguyen_02  19 219.1320 0 5201   0 0 213778 213778000 213778000   61 2.0832326291108357e-12 1 0.9999999999999999   28.15625 508.84445441485013 0.9004622394586818 0.9257974976420569
GM_SM_XT nguyen_03  19 268.8080 0 5201   0 0 263712 263712000 263712000   57 1.2964014406547844e-11 1 1.0000000000000004   29.15625 2211.8597983203226 0.9674835973036595 0.9699837377210115
GM_SM_XT nguyen_04  19 215.5549 0 3719   0 0 163951 163951000 163951000   64 6.913151855054899e-11 1 0.9999999999999997   32.375 12677.542308261376 0.9062440933180019 0.9135197731512595
GM_SM_XT nguyen_05  19 345.5560 0 4977   0 0 196310 196310000 196310000   64 6.770512893800566e-14 1 0.999999999999998   31.84375 12.936723718962838 0.6172284407700506 0.6815590972691399
GM_SM_XT nguyen_06  19 245.4449 0 4808   0 0 148092 148092000 148092000   63 12.293183659416595 0.95166844450258 0.9516684444962955   26.375 17.832176267982046 0.8644218017052885 0.8647944803264592
GM_SM_XT nguyen_09  19 628.0171 0 12650   0 0 420680 841360000 841360000   63 18.34863034636696 0.6313747994040569 0.6313747993741651   30.71875 20.77560965661595 0.5195121222423011 0.5220910197082639
GM_SM_XT nguyen_12  19 579.7729 0 11188   0 0 478581 957162000 957162000   64 1.5998389987010074e-12 1 1   28.125 706.2100140701563 0.8699790067873375 0.8823754098047131
