group problem iteration elapsed_seconds peekd_models evald_models peek_fit_loops peek_point_evals eval_fit_loops eval_point_evals total_point_evals best_size best_err best_r2 best_vari ave_size ave_err ave_r2 ave_evar
diffeq_plain_A bacresp_D_x  24 318.8987 0 12006   0 0 624625 62462500 62462500   38 3.587562943474129 0.9837862419252029 0.9837862419247866   24.0625 6.76858319847956 0.9247774828485192 0.9253479208063045
diffeq_plain_A bacresp_D_y  24 307.3390 0 13260   0 0 651586 65158600 65158600   56 2.886776798482729 0.9973897657874781 0.9971274626329952   27.71875 8.652817606729899 0.9536338858061065 0.9523348507042124
diffeq_plain_A chaoticpendulum_D_A  24 158.8995 0 2990   0 0 71630 286520000 286520000   35 0.06320775297560911 0.9999972528989606 0.9999972528989963   20.875 0.06326440084265395 0.9999972510388625 0.999997245014753
diffeq_plain_A chaoticpendulum_D_V  24 821.1314 0 5228   0 0 287361 1149444000 1149444000   45 73.27349551699184 0.3609167956026095 0.360916795599159   21.125 74.54363141694948 0.3406198780140751 0.34056158108678936
diffeq_plain_A ecoli_D_A  24 482.0044 0 12094   0 0 497325 49732500 49732500   41 0.0051411489959458335 0.9999563928500955 0.9999563928497585   20.15625 0.08496761313026993 0.9352243154138686 0.9349502759081478
diffeq_plain_A ecoli_D_G  24 392.9477 0 11702   0 0 513921 51392100 51392100   47 0.00021881524558518074 0.9999999699722264 0.9999999699722182   23.9375 0.02265132268335117 0.9981765582102313 0.9939040471570759
diffeq_plain_A ecoli_D_L  24 323.4942 0 10368   0 0 413219 41321900 41321900   26 0.005651215624823196 0.9999532538606624 0.9968401555881289   19.875 0.0779181095839105 0.9671697203054341 0.9666826925982177
diffeq_plain_A glider_D_A  24 1633.0530 0 11629   0 0 652708 3263540000 3263540000   61 0.006335472056327545 0.9999999454381137 1.000000262654376   26.125 2.9940630881082537 0.9451297612605586 0.9444987183992576
diffeq_plain_A glider_D_v  24 1130.5238 0 9183   0 0 463028 2315140000 2315140000   64 0.00013422994177563882 0.9999999999261042 0.9999999999260984   29.5 0.7795443291980935 0.9675655183372488 0.9676052949194169
diffeq_plain_A predpreyfrac_D_x  24 747.7316 0 9904   0 0 517622 2588110000 2588110000   44 0.33999915427633703 0.9999999593977181 0.9999999593820601   19.75 305.0045415606034 0.8543719817913047 0.8540893034343624
diffeq_plain_A predpreyfrac_D_y  24 1052.5323 0 12038   0 0 651875 3259375000 3259375000   30 0.07406987286219775 0.9999999971756864 1.000000034717787   17.3125 260.8687648909997 0.9143255450128274 0.9143404838233488
diffeq_plain_A simplependulum_D_A  24 193.3161 0 8322   0 0 242487 242487000 242487000   30 0.0441661688490467 0.9999996643569287 0.9999996643569291   17.53125 0.04441579019498151 0.9999996610064201 0.9999999566332953
diffeq_plain_A simplependulum_D_V  24 276.4990 0 8772   0 0 249360 249360000 249360000   38 0.040486794225802626 0.9999999513028919 0.9999999655053154   23.125 4.899493662340022 0.9920088375611312 0.9919684137633229
diffeq_plain_B bacresp_D_x  24 343.7823 0 12904   0 0 689431 68943100 68943100   58 3.048910667981346 0.9877555623521498 0.9877555623521487   24.34375 6.772193760302258 0.9245658934438914 0.9253276056423063
diffeq_plain_B bacresp_D_y  24 354.3913 0 14052   0 0 715346 71534600 71534600   58 2.468076944547382 0.9982612933277909 0.9982606149838155   32.5625 7.87900549263985 0.9559807689110692 0.9546640075801928
diffeq_plain_B chaoticpendulum_D_A  24 164.1011 0 3016   0 0 72154 288616000 288616000   35 0.06320775297560911 0.9999972528989606 0.9999972528989963   20.84375 0.06326436968886678 0.9999972510203413 0.9999972449962319
diffeq_plain_B chaoticpendulum_D_V  24 849.9880 0 5372   0 0 295938 1183752000 1183752000   45 73.27349551699184 0.3609167956026095 0.360916795599159   24.25 74.52735888541253 0.3410523698932695 0.34095628923339033
diffeq_plain_B ecoli_D_A  24 661.7320 0 14330   0 0 671998 67199800 67199800   55 0.004911958499768545 0.9999657117997421 0.9992684289707201   23.125 0.08495656627503372 0.9351954499038595 0.9348145284993683
diffeq_plain_B ecoli_D_G  24 361.0253 0 11553   0 0 497409 49740900 49740900   42 0.000645774405626389 0.999999805443931 0.9999997973836395   20.15625 0.024388366342996976 0.9981316023200338 0.9931376762064832
diffeq_plain_B ecoli_D_L  24 453.6343 0 10704   0 0 511879 51187900 51187900   43 0.0055480046587500715 0.999971848938532 0.9999718489385312   20.8125 0.07781600366927033 0.9671718472132285 0.9667149239746491
diffeq_plain_B glider_D_A  24 1663.4426 0 11944   0 0 659677 3298385000 3298385000   61 0.006335472056327545 0.9999999454381137 1.000000262654376   27.0 2.718456253221053 0.9486740169185708 0.948042826485356
diffeq_plain_B glider_D_v  24 1118.6104 0 9050   0 0 457690 2288450000 2288450000   61 0.00013584063388441845 0.9999999999248803 0.9999999999248729   28.25 0.7795347338288463 0.9675655183532683 0.9676052965683614
diffeq_plain_B predpreyfrac_D_x  24 823.1627 0 10556   0 0 570456 2852280000 2852280000   44 0.33999915427633703 0.9999999593977181 0.9999999593820601   20.9375 196.73086041212267 0.9168705063398127 0.9165872634100629
diffeq_plain_B predpreyfrac_D_y  24 1068.6309 0 12066   0 0 649735 3248675000 3248675000   30 0.07406987286219775 0.9999999971756864 1.000000034717787   16.125 383.7736755439518 0.8671186101214459 0.8671382937721837
diffeq_plain_B simplependulum_D_A  24 198.6097 0 8343   0 0 243138 243138000 243138000   30 0.0441661688490467 0.9999996643569287 0.9999996643569291   17.53125 0.04441579019498151 0.9999996610064201 0.9999999566332953
diffeq_plain_B simplependulum_D_V  24 366.1124 0 8515   0 0 414158 414158000 414158000   36 0.04054035508977088 0.9999999512241162 1.000001097003582   28.25 4.899458129289636 0.9920088377808391 0.9919683319757001
diffeq_plain_C bacresp_D_x  24 613.0923 0 17408   0 0 984084 98408400 98408400   60 2.7016801154673598 0.9913158459064649 0.9898650148729111   31.4375 6.047810547636799 0.9309011427409589 0.9314584658392973
diffeq_plain_C bacresp_D_y  24 703.7576 0 16474   0 0 814394 81439400 81439400   54 4.2386002508896645 0.9937288210874118 0.9937288210873397   29.90625 9.46639359334206 0.951404425629592 0.9500032060984002
diffeq_plain_C chaoticpendulum_D_A  24 557.3797 0 5650   0 0 217292 869168000 869168000   61 0.06317714406280979 0.999997252737532 0.9999972527375265   32.78125 0.0632457984887868 0.9999972524401354 0.9999970479898241
diffeq_plain_C chaoticpendulum_D_V  24 940.3075 0 6059   0 0 228807 915228000 915228000   44 73.21221438371363 0.3653215823349537 0.3653215817645108   26.84375 74.49910963929308 0.3420840221610877 0.34208726588355776
diffeq_plain_C ecoli_D_A  24 631.1515 0 16245   0 0 691885 69188500 69188500   54 0.004506248314893334 0.9999691575520311 0.9999765368857744   30.21875 0.08153196860957086 0.9355918633082537 0.9353540944435875
diffeq_plain_C ecoli_D_G  24 687.3399 0 16206   0 0 699646 69964600 69964600   63 0.00015637065012647292 0.9999999862689247 0.9999999862689246   33.78125 0.02168552120750363 0.998181845484856 0.9939090156212297
diffeq_plain_C ecoli_D_L  24 789.6045 0 17115   0 0 812826 81282600 81282600   64 0.004431359749352014 0.9999806400689032 1.0000245606066676   31.09375 0.07630429150090222 0.9672480527919841 0.9675312833501157
diffeq_plain_C glider_D_A  24 1352.9732 0 15138   0 0 547482 2737410000 2737410000   63 0.008976829946676932 0.9999998912921209 0.9999998912921169   30.53125 2.7191388024605714 0.9486664371071082 0.9480352267586637
diffeq_plain_C glider_D_v  24 1545.9440 0 13174   0 0 529758 2648790000 2648790000   64 0.00012023743407671238 0.9999999999368783 0.9999999978404275   27.75 0.7795055256245205 0.9675655184187041 0.9676051737040327
diffeq_plain_C predpreyfrac_D_x  24 1732.6948 0 15827   0 0 900719 4503595000 4503595000   62 0.31534599425831 0.9999999635793488 0.9999999643814066   33.90625 196.6224847655666 0.9168705401992308 0.9165872579699661
diffeq_plain_C predpreyfrac_D_y  24 1861.5965 0 15179   0 0 834518 4172590000 4172590000   63 0.0731956723794229 0.9999999971971959 0.9999999925588594   27.8125 160.3312090775739 0.9512806316393321 0.9512955624910071
diffeq_plain_C simplependulum_D_A  24 481.6413 0 19240   0 0 491788 491788000 491788000   62 0.04397119609825706 0.9999996654440332 0.9999996654440347   25.21875 0.044362161887471704 0.9999996621036674 1.0000001107391123
diffeq_plain_C simplependulum_D_V  24 303.3374 0 12193   0 0 301758 301758000 301758000   49 0.04027151664214752 0.99999995167079 0.9999999516707901   40.15625 4.899102459838395 0.99200883849148 0.9919684079537383
diffeq_plain_D bacresp_D_x  24 601.2974 0 17471   0 0 988164 98816400 98816400   60 2.7016801154673598 0.9913158459064649 0.9898650148729111   30.75 6.04675290483921 0.9308854323382224 0.9312084493366607
diffeq_plain_D bacresp_D_y  24 665.5703 0 16914   0 0 832951 83295100 83295100   64 4.387551035926198 0.9936068051208601 0.993606805120606   32.0625 9.327213535499286 0.9518532372715801 0.9504464711030642
diffeq_plain_D chaoticpendulum_D_A  24 586.3151 0 5856   0 0 213546 854184000 854184000   61 0.06317714406280979 0.999997252737532 0.9999972527375265   35.15625 0.0632405835983556 0.9999972527370748 0.9999973270407092
diffeq_plain_D chaoticpendulum_D_V  24 959.7417 0 6550   0 0 247265 989060000 989060000   44 73.21221438371363 0.3653215823349537 0.3653215817645108   26.84375 74.42960755162885 0.3442709308312854 0.3442635828157233
diffeq_plain_D ecoli_D_A  24 672.5124 0 17506   0 0 811410 81141000 81141000   54 0.004506248314893334 0.9999691575520311 0.9999765368857744   28.15625 0.08366438961259888 0.9352770654895801 0.9349617338051291
diffeq_plain_D ecoli_D_G  24 683.6916 0 17042   0 0 704873 70487300 70487300   64 0.00014172427477899882 0.999999992100572 0.9999999921005722   30.9375 0.021928590277745096 0.9981817942255419 0.9939084703219568
diffeq_plain_D ecoli_D_L  24 768.4599 0 17082   0 0 813413 81341300 81341300   64 0.004431359749352014 0.9999806400689032 1.0000245606066676   31.5625 0.07550953364003431 0.9672856983167124 0.9667909980697427
diffeq_plain_D glider_D_A  24 1926.3553 0 12929   0 0 598535 2992675000 2992675000   64 0.009117501658947627 0.9999998873802082 0.9999986640408399   29.03125 2.463653342013896 0.9517700138542318 0.9511452429279414
diffeq_plain_D glider_D_v  24 1507.4560 0 13044   0 0 517109 2585545000 2585545000   64 0.00012027190068566769 0.9999999999366954 0.9999999956097011   32.46875 0.7794887001776288 0.9675655184408131 0.9676051927909504
diffeq_plain_D predpreyfrac_D_x  24 1853.5364 0 15801   0 0 915363 4576815000 4576815000   62 0.31534599425831 0.9999999635793488 0.9999999643814066   34.40625 196.61696351863876 0.9168705416320487 0.9165872917604477
diffeq_plain_D predpreyfrac_D_y  24 1853.5565 0 15235   0 0 838827 4194135000 4194135000   63 0.0731956723794229 0.9999999971971959 0.9999999925588594   27.75 160.33077918655835 0.9512806316509165 0.9512955613534595
diffeq_plain_D simplependulum_D_A  24 474.2375 0 19288   0 0 492842 492842000 492842000   62 0.04397119609825706 0.9999996654440332 0.9999996654440347   25.84375 0.044355625576291 0.9999996621971684 1.0000001108325165
diffeq_plain_D simplependulum_D_V  24 337.0550 0 12553   0 0 318875 318875000 318875000   56 0.040282293228201406 0.9999999519045489 0.9999999519045477   37.28125 4.899154111169417 0.992008838482206 0.9919684011515397
plain_A korns_01  24 288.2825 0 12788   0 0 308904 308904000 308904000   20 2.94328881521115e-09 1 1.000000000000001   14.5 1.097933446001687 0.9999838902586422 1.0000225516325332
plain_A korns_02  24 308.3914 0 11540   0 0 354651 709302000 709302000   24 1824.613353842594 0.9952101539026557 0.9952101539026578   14.03125 8494.496557350356 0.7072216522428343 0.7072771619861672
plain_A korns_03  24 343.9793 0 12842   0 0 437938 875876000 875876000   20 921.0884164631275 0.9999999979098593 0.9999999972022844   12.9375 5618400.9727818025 0.6843105963164695 0.6845310043105717
plain_A korns_04  24 735.3226 0 22456   0 0 474671 949342000 949342000   50 8.968965262534085e-11 1 0.9999999999999993   26.3125 7.350292518374556 -59.513079241112514 60.96358274906063
plain_A korns_10  24 1376.4906 0 24954   0 0 928983 1857966000 1857966000   42 1359275.5275791816 0.9983855039825574 0.998385503982558   22.53125 8553220.00633633 0.8640736048145542 0.8642691371221587
plain_A korns_11  24 370.9698 0 15404   0 0 367008 734016000 734016000   17 187.46684989216777 0.46962089962523035 0.4696208985982589   13.1875 213.69781612920985 0.3003140237036326 0.385753450202983
plain_A korns_12  24 642.8785 0 20646   0 0 480930 961860000 961860000   27 34.01731813266399 0.08950302830231971 0.0895030283022381   23.5 36.76433756517682 -0.12125644338648081 0.26283818482789967
plain_A koza_01  24 218.8851 0 5325   0 0 178153 178153000 178153000   59 7.993805094965157e-13 1 0.9999999999999999   26.40625 247.76081577483683 0.8998408735118296 0.9247901844880758
plain_A koza_02  24 78.5508 0 2770   0 0 93075 93075000 93075000   18 91.35033686862191 0.999996513804009 0.9999965138040091   11.5625 13228.607545661485 0.8195036288229455 0.8195354731492914
plain_A koza_03  24 215.4822 0 4270   0 0 226119 226119000 226119000   52 7.40919333994451 0.9999998307988642 0.9999821337293863   27.1875 2180.9610101701123 0.9070112460362107 0.9162588009546351
plain_A nguyen_02  24 205.8050 0 4570   0 0 179495 179495000 179495000   59 2.0716320050458547e-12 1 0.9999999999999998   27.65625 510.1301158059633 0.9004633716965983 0.9258014882791706
plain_A nguyen_03  24 342.8623 0 6310   0 0 391503 391503000 391503000   52 2.6475145306111174 0.9999999874427307 0.9999999874427267   25.46875 2868.703187989347 0.9646195604830011 0.9667940622153555
plain_A nguyen_04  24 301.3743 0 5345   0 0 318166 318166000 318166000   63 383.439914668891 0.9999816399035507 0.9999816399035285   29.8125 14425.756934741024 0.9032392698134157 0.9082507224178281
plain_A nguyen_05  24 168.0374 0 4180   0 0 131966 131966000 131966000   53 7.026324957103814e-14 1 0.9999999999999988   33.53125 8.322288173352145 0.753727734266473 0.8034794156687594
plain_A nguyen_06  24 179.5803 0 3864   0 0 139691 139691000 139691000   40 5.5964882485232294e-14 1 0.9999999999999996   22.15625 19.467565349176574 0.8461614445230761 0.8463939671257399
plain_A nguyen_09  24 294.3137 0 8486   0 0 284609 569218000 569218000   30 19.300607577608872 0.5992464152321537 0.5992464151969611   17.15625 21.83235131401262 0.47024609989884236 0.4745528904397368
plain_A nguyen_12  24 614.2600 0 9492   0 0 459235 918470000 918470000   49 0.8845045667642766 0.9999999397930855 1.0000626181728993   26.625 730.387864323405 0.8722563575686874 0.8802476674118869
plain_B korns_01  24 263.5150 0 12076   0 0 255587 255587000 255587000   20 2.94328881521115e-09 1 1.000000000000001   11.34375 144.27236053585776 0.9063427424407446 0.9064739059805805
plain_B korns_02  24 318.0882 0 11542   0 0 354714 709428000 709428000   24 1824.613353842594 0.9952101539026557 0.9952101539026578   14.0 8482.459081156607 0.7072945903344279 0.7073478009945666
plain_B korns_03  24 337.3809 0 12042   0 0 417669 835338000 835338000   20 921.0884164631275 0.9999999979098593 0.9999999972022844   11.4375 7443153.580150109 0.5874613734184663 0.5877811191455501
plain_B korns_04  24 965.0963 0 21492   0 0 770803 1541606000 1541606000   51 8.98564261672922e-11 1 0.9999999999999993   24.6875 7.350292518374713 -59.513079241112514 60.96358274906063
plain_B korns_10  24 1367.1213 0 24086   0 0 898840 1797680000 1797680000   42 1359275.5275791816 0.9983855039825574 0.998385503982558   22.53125 8553220.00633633 0.8640736048145542 0.8642691371221587
plain_B korns_11  24 387.7793 0 15408   0 0 367083 734166000 734166000   17 187.46684989216777 0.46962089962523035 0.4696208985982589   13.1875 213.69781612920985 0.3003140237036326 0.385753450202983
plain_B korns_12  24 661.2155 0 21088   0 0 492033 984066000 984066000   27 34.01731813266399 0.08950302830231971 0.0895030283022381   23.65625 36.76295814010073 -0.12112909749273573 0.262965530725673
plain_B koza_01  24 230.5240 0 5417   0 0 180971 180971000 180971000   59 7.993805094965157e-13 1 0.9999999999999999   26.78125 247.6135614580215 0.8998409993490146 0.9247903103252615
plain_B koza_02  24 80.8400 0 2700   0 0 87939 87939000 87939000   14 323.31571986767756 0.999955003224828 0.999955003224827   10.75 15802.150393628295 0.787247956544352 0.7872824341338348
plain_B koza_03  24 226.0349 0 4322   0 0 228792 228792000 228792000   52 7.40919333994451 0.9999998307988642 0.9999821337293863   26.40625 2193.1569124568273 0.9069879526129605 0.9162355075316655
plain_B nguyen_02  24 225.1131 0 4833   0 0 193143 193143000 193143000   59 2.0716320050458547e-12 1 0.9999999999999998   30.1875 507.9163702042832 0.9004663704821367 0.925803810356035
plain_B nguyen_03  24 328.4392 0 5811   0 0 331913 331913000 331913000   54 1.186045886933246 0.999999997467534 0.9999999974675332   25.6875 2804.1678809249506 0.9646899554835832 0.9668867468759459
plain_B nguyen_04  24 309.8965 0 5420   0 0 324230 324230000 324230000   63 383.439914668891 0.9999816399035507 0.9999816399035285   29.71875 14611.56111277647 0.9032214767789662 0.908244223975122
plain_B nguyen_05  24 121.1548 0 3560   0 0 82182 82182000 82182000   40 6.40961611483272e-14 1 0.9999999999999994   21.5625 11.738233561065119 0.6571647887590675 0.7352776392537649
plain_B nguyen_06  24 177.0632 0 3715   0 0 141626 141626000 141626000   56 12.861222828584365 0.9445296297684378 0.9445296296996435   26.71875 19.021309221858722 0.8530458164642515 0.8530397507927183
plain_B nguyen_09  24 288.0265 0 8773   0 0 270086 540172000 540172000   43 19.047913595523212 0.6097450490908825 0.6097450490835059   20.53125 21.21157904139292 0.501808460979647 0.5048415219327613
plain_B nguyen_12  24 638.0340 0 9664   0 0 487572 975144000 975144000   55 1.9391364531436782e-12 1 1.0000000000000004   28.25 681.9438698921319 0.8735324842150883 0.8810327591362458
plain_C korns_01  24 387.3567 0 19154   0 0 418555 418555000 418555000   26 2.9259429216398948e-09 1 0.999999999999999   16.4375 1.0979334459906425 0.9999838902586422 1.0000225516325327
plain_C korns_02  24 507.3155 0 18750   0 0 610935 1221870000 1221870000   40 1682.7924184226576 0.9962262488330977 0.9962225260540644   19.625 7715.3895062674765 0.7102307421047637 0.7102717723504088
plain_C korns_03  24 652.5180 0 19780   0 0 807258 1614516000 1614516000   42 1.988221321574623 0.9999999999999932 0.999999999999995   18.0625 2997870.8195106164 0.8405374665510603 0.8406592538926851
plain_C korns_04  24 1362.2067 0 33056   0 0 750159 1500318000 1500318000   63 8.924976495233985e-11 1 1.0000000000000009   36.46875 7.174443657692458 -59.452401691892405 61.02426029828074
plain_C korns_10  24 2215.2792 0 37526   0 0 1238649 2477298000 2477298000   64 1908953.8580881376 0.9956028445942543 0.9956242305574643   28.375 9170895.36871838 0.8613680536650603 0.8615962227849019
plain_C korns_11  24 867.6984 0 26730   0 0 635627 1271254000 1271254000   50 181.21001408674755 0.5182726334419332 0.5182726334418676   17.03125 212.82668318804684 0.3051986761926006 0.39469649891949277
plain_C korns_12  24 871.5123 0 27830   0 0 625777 1251554000 1251554000   56 28.300832436217767 0.3707372389578947 0.370737238957811   21.75 35.982813164307686 -0.08027816914188485 0.30381655178932826
plain_C koza_01  24 265.7335 0 5259   0 0 183070 183070000 183070000   62 7.998744582361518e-13 1 1   21.28125 461.5898387731738 0.7893690740497886 0.8669337054526259
plain_C koza_02  24 142.0865 0 4006   0 0 141380 141380000 141380000   64 1.2668633360654042 0.9999999992960472 1.0000000204716601   33.8125 7555.552241140785 0.8998965833233993 0.8999245789452631
plain_C koza_03  24 263.3593 0 6063   0 0 233660 233660000 233660000   63 0.002035043856686818 0.9999999999999875 0.9999999999999865   33.8125 2116.2630407001257 0.9070517401948587 0.9162950076598497
plain_C nguyen_02  24 224.2960 0 5965   0 0 213231 213231000 213231000   50 2.0657468220830517e-12 1 0.9999999999999999   27.65625 511.4313799104295 0.9004541515170674 0.9257943625592522
plain_C nguyen_03  24 406.2261 0 4650   0 0 243341 243341000 243341000   61 1.4424292477817307e-11 1 1.0000000000000002   30.6875 3357.2810037863746 0.9341086144113935 0.9363290982817004
plain_C nguyen_04  24 275.1373 0 4018   0 0 174307 174307000 174307000   63 0.044309293709735166 0.9999999999998377 0.9999999999998389   29.78125 14143.787299461577 0.9036109478337747 0.9086772797476144
plain_C nguyen_05  24 305.8995 0 5348   0 0 180726 180726000 180726000   18 6.494629530236964e-14 1 0.9999999999999994   22.40625 21.899025160168286 0.4044695424321877 0.5489747977802446
plain_C nguyen_06  24 310.8960 0 4923   0 0 159537 159537000 159537000   64 12.402228381203548 0.951182871899025 0.9510040658864164   32.90625 17.057383765099758 0.8728756856762959 0.8733477418254681
plain_C nguyen_09  24 438.6765 0 12580   0 0 399244 798488000 798488000   49 18.70463427969206 0.6162127565289597 0.6162127564837839   22.46875 21.210433746997005 0.5012860809398151 0.5039749410111167
plain_C nguyen_12  24 672.1540 0 12627   0 0 547376 1094752000 1094752000   63 1.5951912820132376e-12 1 1   26.03125 709.5028669340883 0.8703194181965527 0.8790786454772169
plain_D korns_01  24 404.2988 0 19154   0 0 418555 418555000 418555000   26 2.9259429216398948e-09 1 0.999999999999999   16.4375 1.0979334459906425 0.9999838902586422 1.0000225516325327
plain_D korns_02  24 516.9567 0 18753   0 0 610373 1220746000 1220746000   40 1682.7924184226576 0.9962262488330977 0.9962225260540644   19.625 7715.3895062674765 0.7102307421047637 0.7102717723504088
plain_D korns_03  24 670.9723 0 19784   0 0 807535 1615070000 1615070000   42 1.988221321574623 0.9999999999999932 0.999999999999995   18.09375 2997867.6929274974 0.8405374665537868 0.8406592538954116
plain_D korns_04  24 1381.3895 0 33135   0 0 751295 1502590000 1502590000   63 8.924976495233985e-11 1 1.0000000000000009   38.53125 7.1744436576924056 -59.452401691892405 61.02426029828074
plain_D korns_10  24 2151.1983 0 37040   0 0 1219056 2438112000 2438112000   64 1908953.8580881376 0.9956028445942543 0.9956242305574643   28.875 9131182.386389293 0.8615090938270614 0.8617298391050277
plain_D korns_11  24 854.7408 0 28858   0 0 713566 1427132000 1427132000   50 181.21001408674755 0.5182726334419332 0.5182726334418676   19.21875 208.88825613373288 0.32992640288356295 0.4194227687797021
plain_D korns_12  24 857.6118 0 28030   0 0 634626 1269252000 1269252000   56 28.300832436217767 0.3707372389578947 0.370737238957811   23.34375 35.79161215026433 -0.06986955087569008 0.3142251699986598
plain_D koza_01  24 276.8818 0 5507   0 0 192534 192534000 192534000   62 7.998744582361518e-13 1 1   21.84375 420.51225321751326 0.808019111840047 0.885583743242885
plain_D koza_02  24 152.7293 0 4036   0 0 142896 142896000 142896000   64 1.2668633360654042 0.9999999992960472 1.0000000204716601   34.15625 6342.440090984736 0.9203481521553849 0.9203631782278523
plain_D koza_03  24 251.7236 0 5867   0 0 219296 219296000 219296000   63 0.002035043856686818 0.9999999999999875 0.9999999999999865   32.625 2119.7533941266415 0.9070508774780338 0.9162941449430247
plain_D nguyen_02  24 253.7628 0 6080   0 0 216793 216793000 216793000   59 2.0489087060933186e-12 1 0.9999999999999996   25.96875 512.8310873820302 0.9004493689986571 0.926091492139476
plain_D nguyen_03  24 454.1573 0 5029   0 0 270962 270962000 270962000   61 1.4424292477817307e-11 1 1.0000000000000002   27.3125 3497.8160207252904 0.9330760788287158 0.9361236122811917
plain_D nguyen_04  24 306.9053 0 4055   0 0 177792 177792000 177792000   63 0.4123342833144767 0.9999999999872604 0.9999999999872613   31.0625 13457.609014413876 0.9045501429901468 0.9089826977219025
plain_D nguyen_05  24 324.7753 0 5446   0 0 183890 183890000 183890000   18 6.494629530236964e-14 1 0.9999999999999994   23.125 20.916793713803347 0.4368671270543618 0.57623158650651
plain_D nguyen_06  24 337.8539 0 5134   0 0 175979 175979000 175979000   56 12.463933741834476 0.9508207695891487 0.9508145530098147   33.5 16.823354717598928 0.8753656352100014 0.8755926867852226
plain_D nguyen_09  24 450.5816 0 12614   0 0 400182 800364000 800364000   49 18.70463427969206 0.6162127565289597 0.6162127564837839   20.875 21.26557399422027 0.4991575882455028 0.5016103225175568
plain_D nguyen_12  24 619.4219 0 12153   0 0 516278 1032556000 1032556000   63 1.5951912820132376e-12 1 1   26.28125 709.5028669340883 0.8703194181965527 0.879078645477217
