group problem iteration elapsed_seconds peekd_models evald_models peek_fit_loops peek_point_evals eval_fit_loops eval_point_evals total_point_evals best_size best_err best_r2 best_vari ave_size ave_err ave_r2 ave_evar
explicit_A_1_1.yml korns_01/out  19 584.9567 0 14807   0 0 689659 689659000 689659000   63 8.40287181919086e-11 1 0.999999999999999   32.90625 0.049061489020457955 0.9999838902586422 1.0000225516325325
explicit_A_1_1.yml korns_02/out  19 2124.5609 0 33589   0 0 1987957 3975914000 3975914000   64 3.172697397336999e-11 1 0.9999999999999997   30.25 8.068224633077115 0.8897866690472521 0.8898059984337072
explicit_A_1_1.yml korns_03/out  19 1571.1175 0 24752   0 0 1511642 3023284000 3023284000   64 1.886945949314324e-09 1 0.9999999999999996   30.03125 4085.8318616646866 0.8118267960673177 0.8120193120697399
explicit_A_1_1.yml korns_04/out  19 1180.4942 0 15156   0 0 819060 1638120000 1638120000   63 0.07129435775922574 0.165589375649984 0.1653469327036755   28.21875 0.3530354153889331 -80.24945868601603 80.43662518597179
explicit_A_1_1.yml korns_10/out  19 1423.0764 0 16239   0 0 346183 692366000 692366000   61 15499.441177839502 0.9444744217614768 0.9439555510290804   30.96875 27890.20955337747 0.36417705566089725 0.3645758180883484
explicit_A_1_1.yml korns_11/out  19 600.7998 0 13022   0 0 440239 880478000 880478000   62 4.722383461747998 0.47598468680931905 0.47598468680923955   26.53125 5.870420225128704 0.21162658057828923 0.37979684962696814
explicit_A_1_1.yml korns_12/out  19 1072.9976 0 17967   0 0 940732 1881464000 1881464000   64 0.8790650278430753 0.10196840569050591 0.10196840568202377   31.1875 0.9625679010957657 -0.12236940832519898 0.2616091109973274
explicit_A_1_1.yml koza_01/out  19 78.9172 0 1326   0 0 68062 68062000 68062000   25 1.670638323861273e-14 1 1   20.0625 15.918068882073896 0.7032511583201151 0.865876664630248
explicit_A_1_1.yml koza_02/out  19 68.8516 0 1279   0 0 74062 74062000 74062000   42 5.338919284087243e-13 1 0.9999999999999998   20.46875 264.097227293633 0.858723957635578 0.858584291757091
explicit_A_1_1.yml koza_03/out  19 41.5025 0 1053   0 0 52183 52183000 52183000   57 2.2137548668453424e-13 1 1   22.8125 115.885068169544 0.7804829560135326 0.8434192596384918
explicit_A_1_1.yml nguyen_02/out  19 56.6473 0 1437   0 0 62132 62132000 62132000   25 4.0614208393977006e-14 1 0.9999999999999996   21.125 29.369618705097842 0.7131994165015998 0.8791744957365137
explicit_A_1_1.yml nguyen_03/out  19 61.6412 0 1462   0 0 72163 72163000 72163000   34 2.291631819202611e-13 1 1.0000000000000004   23.09375 120.18982933272672 0.8885738098812853 0.8917695737835749
explicit_A_1_1.yml nguyen_04/out  19 67.2205 0 1069   0 0 60900 60900000 60900000   44 1.1735746072855102e-12 1 0.9999999999999996   24.625 646.763870527405 0.7443875132402556 0.8355516417297949
explicit_A_1_1.yml nguyen_05/out  19 88.6505 0 1453   0 0 96138 96138000 96138000   58 0.7721999899194476 0.28023334476114714 0.27482815963578755   25.4375 0.9208887245271339 0.12995673897232726 0.18859171175702819
explicit_A_1_1.yml nguyen_06/out  19 60.1447 0 1073   0 0 58194 58194000 58194000   64 0.6440043294073378 0.8870086137609867 0.8870086137473786   30.96875 1.0835055955022732 0.6761907432019094 0.6777154422116879
explicit_A_1_1.yml nguyen_09/out  19 210.5573 0 3367   0 0 163453 326906000 326906000   64 0.7577960383642818 0.07260974219038552 0.07260965709731776   31.84375 0.7653858679355016 0.04834741112199239 0.052235501364480824
explicit_A_1_1.yml nguyen_12/out  19 202.7959 0 4364   0 0 181124 362248000 362248000   63 2.37782658146779e-14 1 1   25.8125 17.520807405033292 0.8035076476578507 0.8908107767618458
explicit_A_1_2.yml korns_01/out  19 715.8418 0 17639   0 0 675649 675649000 675649000   63 2.878620560389865e-09 1 0.9999999999999988   32.9375 96.45540910063272 0.9375905868062865 0.9377169705469675
explicit_A_1_2.yml korns_02/out  19 1077.5044 0 17479   0 0 965048 1930096000 1930096000   56 1010.0040497224628 0.9985786311815525 0.9980553068754893   26.0625 4808.446658337366 0.8489972318058182 0.8488080631460632
explicit_A_1_2.yml korns_03/out  19 1574.7888 0 20410   0 0 1306660 2613320000 2613320000   64 2.5057782942996845e-07 1 0.9999999999999998   31.96875 1346508.9383604918 0.9345059072278952 0.9345608702951128
explicit_A_1_2.yml korns_04/out  19 857.5611 0 14139   0 0 714330 1428660000 1428660000   63 2.593425286220993 0.17659339674522756 0.1765933967452257   34.71875 7.0571582610675865 -40.085303119511615 40.31307489983801
explicit_A_1_2.yml korns_10/out  19 2039.2654 0 32710   0 0 1905791 3811582000 3811582000   64 1202041.540533355 0.9983319154329321 0.9983511793021256   32.53125 10268380.700105073 0.7924263336350513 0.7927723309672011
explicit_A_1_2.yml korns_11/out  19 971.2927 0 24533   0 0 852211 1704422000 1704422000   63 188.38605259308278 0.4767916888068624 0.4767916888068205   33.90625 209.41597860652038 0.32855115033676496 0.41258706878738627
explicit_A_1_2.yml korns_12/out  19 1039.9211 0 19136   0 0 696608 1393216000 1393216000   64 33.81536942506958 0.09327436285618984 0.09327436284275115   32.40625 36.73570489706482 -0.1267462761651666 0.2573484447424723
explicit_A_1_2.yml koza_01/out  19 44.7012 0 1171   0 0 54909 54909000 54909000   25 8.001584058820085e-13 1 1   19.3125 489.43344774589195 0.7423966583405593 0.8270426741661684
explicit_A_1_2.yml koza_02/out  19 101.4959 0 1331   0 0 75422 75422000 75422000   64 2.557380785106471e-11 1 0.9999999999999998   31.09375 4949.818558567331 0.9321972325680278 0.9320576878222265
explicit_A_1_2.yml koza_03/out  19 27.9445 0 936   0 0 42979 42979000 42979000   50 1.09096148665294e-11 1 1   20.84375 3410.955086728543 0.8340971107544325 0.8603472160626787
explicit_A_1_2.yml nguyen_02/out  19 51.8886 0 1377   0 0 61056 61056000 61056000   43 2.077098544903741e-12 1 0.9999999999999993   22.78125 729.0119541210967 0.8241217240585437 0.8841232375997771
explicit_A_1_2.yml nguyen_03/out  19 95.6166 0 1570   0 0 86410 86410000 86410000   53 1.3084268416411732e-11 1 1.0000000000000002   23.25 5506.981161245997 0.8445874032640894 0.8476829483862848
explicit_A_1_2.yml nguyen_04/out  19 61.1859 0 1017   0 0 58206 58206000 58206000   57 6.770868543328494e-11 1 0.9999999999999997   26.34375 19243.26165783584 0.8327838109512976 0.8553032627809625
explicit_A_1_2.yml nguyen_05/out  19 54.7215 0 901   0 0 48816 48816000 48816000   60 30.4475534596231 0.09106808949256173 0.0920875700628778   29.78125 31.196688727394786 0.046066687301288184 0.09863312297577044
explicit_A_1_2.yml nguyen_06/out  19 78.2538 0 1226   0 0 68211 68211000 68211000   61 20.667171925643473 0.8618170289876392 0.8619086992370147   31.25 31.175829458989927 0.636457323249554 0.6365806203358189
explicit_A_1_2.yml nguyen_09/out  19 255.9171 0 3944   0 0 223873 447746000 447746000   64 28.903041599445338 0.09695481921533422 0.09784139320427351   31.46875 29.457414638456328 0.06225005607290926 0.06492534492891308
explicit_A_1_2.yml nguyen_12/out  19 227.8147 0 4118   0 0 190352 380704000 380704000   62 1.5982468860421903e-12 1 1   26.125 882.6383002392882 0.8038324014613761 0.8382048054726233
explicit_A_2_2a.yml korns_01/out  19 78.7759 0 5021   0 0 117995 117995000 117995000   21 2.9490188482781295e-09 1 0.999999999999999   9.5625 526.9541518356316 0.6571141126011986 0.6576157896933184
explicit_A_2_2a.yml korns_02/out  19 455.7679 0 16616   0 0 804007 1608014000 1608014000   36 3.5541111059466566e-09 1 0.9999999999999996   15.3125 6391.941954966391 0.746802251422246 0.746841387961066
explicit_A_2_2a.yml korns_03/out  19 1246.4099 0 25007   0 0 1594480 3188960000 3188960000   57 2.4921391071891926e-07 1 0.9999999999999998   26.9375 2394627.79733482 0.872039707433947 0.8721602138190252
explicit_A_2_2a.yml korns_04/out  19 1022.2452 0 19103   0 0 987870 1975740000 1975740000   64 2.5954943181907697 0.1828534165135549 0.18285341651355452   32.9375 9.25313723478358 -60.12800552085731 60.34865646931688
explicit_A_2_2a.yml korns_10/out  19 1680.3104 0 22282   0 0 1304564 2609128000 2609128000   64 1512212.513765232 0.9976717940980063 0.997653548954938   29.5 13306772.494155785 0.7458777254391832 0.7462124427872079
explicit_A_2_2a.yml korns_11/out  19 961.2487 0 26413   0 0 943443 1886886000 1886886000   63 188.38605259308278 0.4767916888068624 0.4767916888068205   28.59375 214.46895669073453 0.2960220994925795 0.3800580185396672
explicit_A_2_2a.yml korns_12/out  19 1486.3772 0 25260   0 0 1382915 2765830000 2765830000   64 33.68434701253159 0.1015844451614496 0.10158444516104831   30.3125 36.696132662891976 -0.1236972756353988 0.260397445096795
explicit_A_2_2a.yml koza_01/out  19 53.5362 0 1532   0 0 74581 74581000 74581000   25 8.001584058820085e-13 1 1   18.59375 349.38856681388404 0.8272696969886946 0.8788436629236359
explicit_A_2_2a.yml koza_02/out  19 33.6678 0 984   0 0 50290 50290000 50290000   47 2.5493557710539427e-11 1 0.9999999999999998   20.65625 7729.590731737078 0.8887837622552711 0.8887845226386742
explicit_A_2_2a.yml koza_03/out  19 31.6502 0 1064   0 0 48737 48737000 48737000   39 1.0856463395165579e-11 1 0.9999999999999998   19.9375 3494.699941434528 0.8330784128991009 0.8620450575681773
explicit_A_2_2a.yml nguyen_02/out  19 56.9324 0 1612   0 0 75804 75804000 75804000   43 2.077098544903741e-12 1 0.9999999999999993   19.65625 731.6516846449637 0.8241123979476404 0.8842783260133392
explicit_A_2_2a.yml nguyen_03/out  19 69.5932 0 1804   0 0 98632 98632000 98632000   52 1.3016735339832863e-11 1 1.0000000000000004   23.1875 3985.2566609553132 0.8890894873625363 0.8917361648522468
explicit_A_2_2a.yml nguyen_04/out  19 78.9873 0 1676   0 0 98302 98302000 98302000   59 6.732864173566918e-11 1 0.9999999999999997   28.46875 18100.674253617904 0.8351579091813215 0.8631560622276689
explicit_A_2_2a.yml nguyen_05/out  19 68.0083 0 1303   0 0 76351 76351000 76351000   64 30.43831952824706 0.09058613876193466 0.09394991879120779   33.28125 30.808374444074392 0.06972931334017064 0.0891645688114395
explicit_A_2_2a.yml nguyen_06/out  19 83.6704 0 1259   0 0 70494 70494000 70494000   61 20.667171925643473 0.8618170289876392 0.8619086992370147   30.5 29.059190227624875 0.6929548230188212 0.6923877671689649
explicit_A_2_2a.yml nguyen_09/out  19 213.9802 0 4277   0 0 209598 419196000 419196000   64 28.84253095634007 0.10073540097605738 0.10073540151666936   35.46875 29.39526319720948 0.06615588451691447 0.06747576272419159
explicit_A_2_2a.yml nguyen_12/out  19 205.1156 0 4481   0 0 211168 422336000 422336000   44 1.6017312199638354e-12 1 1   19.21875 935.1117030841855 0.8019502072652893 0.8367046297738536
explicit_A_2_2b.yml korns_01/out  19 873.3579 0 25755   0 0 880972 880972000 880972000   64 2.8608238655868745e-09 1 0.9999999999999988   44.84375 1.1709594886883405e+35 -2.1946736663785948e+64 2.1946736663785948e+64
explicit_A_2_2b.yml korns_02/out  19 1498.1381 0 33606   0 0 1632006 3264012000 3264012000   62 3.194110893483502e-09 1 1.0000000000000004   44.0625 3.308084523607554e+37 -8.691661565327283e+66 8.691661565327283e+66
explicit_A_2_2b.yml korns_03/out  19 1790.4814 0 30454   0 0 1493292 2986584000 2986584000   61 2.4432204083816636e-07 1 1   42.375 1.630739649141823e+56 -1.3207167040366994e+99 1.3207167040366994e+99
explicit_A_2_2b.yml korns_04/out  19 1742.3207 0 26810   0 0 1446055 2892110000 2892110000   63 2.6199280695409897 0.15880999191214895 0.15880999241718885   43.25 1.3668259535862817e+75 -3.875976577903181e+150 3.875976577903181e+150
explicit_A_2_2b.yml korns_10/out  19 2258.3449 0 21884   0 0 1151017 2302034000 2302034000   64 995046.2551259474 0.9989012544322265 0.9988927194698631   48.59375 1.1274398261353374e+47 -1.6279073088838752e+79 1.6279073088838752e+79
explicit_A_2_2b.yml korns_11/out  19 3332.8279 0 22298   0 0 1040815 2081630000 2081630000   64 188.48923631109685 0.4762866579900956 0.47628665799007275   49.0 4.717402790712596e+60 -1.5773399639023004e+118 1.5773399639023004e+118
explicit_A_2_2b.yml korns_12/out  19 2409.3854 0 20984   0 0 1186850 2373700000 2373700000   64 33.86568915526252 0.09229109903008459 0.09229109903008763   50.25 5.1651414005030556e+57 -3.031968626466762e+113 3.031968626466762e+113
explicit_A_2_2b.yml koza_01/out  19 55.0387 0 1256   0 0 65186 65186000 65186000   25 8.001584058820085e-13 1 1   34.78125 3.967598021401028e+19 -2.999587483613482e+33 2.999587483613482e+33
explicit_A_2_2b.yml koza_02/out  19 88.5851 0 1109   0 0 73081 73081000 73081000   47 5.807632502178681 0.9999999856583377 0.9999999856578661   29.46875 237667178.80728638 -396007845.4978698 396007850.7506638
explicit_A_2_2b.yml koza_03/out  19 53.5765 0 1285   0 0 71109 71109000 71109000   35 1.0973475961042483e-11 1 1   36.75 1.602703719160854e+96 -9.549339360647377e+184 9.549339360647377e+184
explicit_A_2_2b.yml nguyen_02/out  19 73.1312 0 1631   0 0 78054 78054000 78054000   43 2.077098544903741e-12 1 0.9999999999999993   42.375 182805351746040.34 -7.6557020756265e+21 7.655702075628613e+21
explicit_A_2_2b.yml nguyen_03/out  19 80.1532 0 1696   0 0 95676 95676000 95676000   64 1.295817652530645e-11 1 1.0000000000000004   41.21875 1.8237043369763347e+58 -4.849354080773767e+108 4.849354080773767e+108
explicit_A_2_2b.yml nguyen_04/out  19 75.1281 0 1331   0 0 81501 81501000 81501000   57 6.770868543328494e-11 1 0.9999999999999997   46.1875 6.336560164989762e+58 -1.6759273754530734e+109 1.6759273754530734e+109
explicit_A_2_2b.yml nguyen_05/out  19 157.0978 0 2090   0 0 140320 140320000 140320000   63 27.73361464989386 0.234862052420731 0.18346547121782547   43.46875 3.4598811026079933e+80 -1.2494997165909807e+159 1.2494997165909807e+159
explicit_A_2_2b.yml nguyen_06/out  19 125.4902 0 1554   0 0 101722 101722000 101722000   62 17.05379223368962 0.9046526071138306 0.9046526071110356   39.71875 319316790923373.6 -4.81669763773573e+25 4.81669763773573e+25
explicit_A_2_2b.yml nguyen_09/out  19 261.1812 0 5193   0 0 254785 509570000 509570000   64 28.889810054573896 0.09681361895776208 0.09681361895775864   51.375 1.8561651152516416e+148 -1.672654218749653e+295 1.672654218749653e+295
explicit_A_2_2b.yml nguyen_12/out  19 431.8046 0 5261   0 0 269451 538902000 538902000   53 1.6192898582732733e-12 1 1.0000000000000002   39.84375 3.006978601306581e+22 -1.1164715813646221e+38 1.1164715813646221e+38
explicit_P_1_2.yml korns_01/out  19 728.4495 0 17639   0 0 675649 675649000 675649000   63 2.878620560389865e-09 1 0.9999999999999988   32.9375 96.45540910063272 0.9375905868062865 0.9377169705469675
explicit_P_1_2.yml korns_02/out  19 1078.6848 0 17797   0 0 975020 1950040000 1950040000   56 1010.0040497224628 0.9985786311815525 0.9980553068754893   26.90625 4773.574766117452 0.8492264934420891 0.8490314315360142
explicit_P_1_2.yml korns_03/out  19 1581.2232 0 20416   0 0 1307561 2615122000 2615122000   64 2.5057782942996845e-07 1 0.9999999999999998   31.96875 1346508.9383604918 0.9345059072278952 0.9345608702951128
explicit_P_1_2.yml korns_04/out  19 868.3175 0 14139   0 0 714330 1428660000 1428660000   63 2.593425286220993 0.17659339674522756 0.1765933967452257   34.71875 7.0571582610675865 -40.085303119511615 40.31307489983801
explicit_P_1_2.yml korns_10/out  19 2029.3595 0 30385   0 0 1833221 3666442000 3666442000   64 1202041.540533355 0.9983319154329321 0.9983511793021256   31.15625 11575607.545717854 0.7738813429486172 0.7741613064800092
explicit_P_1_2.yml korns_11/out  19 912.6248 0 20929   0 0 748067 1496134000 1496134000   63 188.38605259308278 0.4767916888068624 0.4767916888068205   32.4375 210.76786454008072 0.32017872902960776 0.4042146471903677
explicit_P_1_2.yml korns_12/out  19 1074.2573 0 19136   0 0 696608 1393216000 1393216000   64 33.81536942506958 0.09327436285618984 0.09327436284275115   32.40625 36.73570489706482 -0.1267462761651666 0.2573484447424723
explicit_P_1_2.yml koza_01/out  19 47.1584 0 1171   0 0 54909 54909000 54909000   25 8.001584058820085e-13 1 1   19.3125 489.43344774589195 0.7423966583405593 0.8270426741661684
explicit_P_1_2.yml koza_02/out  19 102.3491 0 1331   0 0 75422 75422000 75422000   64 2.557380785106471e-11 1 0.9999999999999998   31.09375 4949.818558567331 0.9321972325680278 0.9320576878222265
explicit_P_1_2.yml koza_03/out  19 28.0841 0 936   0 0 42979 42979000 42979000   50 1.09096148665294e-11 1 1   20.84375 3410.955086728543 0.8340971107544325 0.8603472160626787
explicit_P_1_2.yml nguyen_02/out  19 52.8663 0 1377   0 0 61056 61056000 61056000   43 2.077098544903741e-12 1 0.9999999999999993   22.78125 729.0119541210967 0.8241217240585437 0.8841232375997771
explicit_P_1_2.yml nguyen_03/out  19 97.9223 0 1570   0 0 86410 86410000 86410000   53 1.3084268416411732e-11 1 1.0000000000000002   23.25 5506.981161245997 0.8445874032640894 0.8476829483862848
explicit_P_1_2.yml nguyen_04/out  19 60.8091 0 1017   0 0 58206 58206000 58206000   57 6.770868543328494e-11 1 0.9999999999999997   26.34375 19243.26165783584 0.8327838109512976 0.8553032627809625
explicit_P_1_2.yml nguyen_05/out  19 57.0129 0 901   0 0 48816 48816000 48816000   60 30.4475534596231 0.09106808949256173 0.0920875700628778   29.78125 31.196688727394786 0.046066687301288184 0.09863312297577044
explicit_P_1_2.yml nguyen_06/out  19 78.1222 0 1226   0 0 68211 68211000 68211000   61 20.667171925643473 0.8618170289876392 0.8619086992370147   31.25 31.175829458989927 0.636457323249554 0.6365806203358189
explicit_P_1_2.yml nguyen_09/out  19 269.0557 0 4034   0 0 230403 460806000 460806000   64 28.903041599445338 0.09695481921533422 0.09784139320427351   30.90625 29.49559130652153 0.05995237018151424 0.06261341360150309
explicit_P_1_2.yml nguyen_12/out  19 239.0946 0 4118   0 0 190352 380704000 380704000   62 1.5982468860421903e-12 1 1   26.125 882.6383002392882 0.8038324014613761 0.8382048054726233
explicit_P_1_4.yml korns_01/out  19 720.9974 0 19021   0 0 700484 700484000 700484000   63 2.878620560389865e-09 1 0.9999999999999988   35.34375 1.0979334459655743 0.9999838902586422 1.0000225516325327
explicit_P_1_4.yml korns_02/out  19 1904.8776 0 27876   0 0 1675255 3350510000 3350510000   64 2.985083463509289e-09 1 0.9999999999999997   32.34375 1924.1018770541787 0.9208442036414157 0.9208659520076893
explicit_P_1_4.yml korns_03/out  19 1631.5299 0 21679   0 0 1365587 2731174000 2731174000   64 2.5057782942996845e-07 1 0.9999999999999998   28.4375 1425301.9594477625 0.9342292672438688 0.9342854660947087
explicit_P_1_4.yml korns_04/out  19 883.4342 0 14281   0 0 711984 1423968000 1423968000   63 2.593425286220993 0.17659339674522756 0.1765933967452257   36.09375 4.869383904765785 -19.983769993748833 20.217513564259264
explicit_P_1_4.yml korns_10/out  19 2038.1768 0 31315   0 0 1823381 3646762000 3646762000   64 1202041.540533355 0.9983319154329321 0.9983511793021256   32.53125 11806938.856246667 0.7533903082236465 0.7537236303894403
explicit_P_1_4.yml korns_11/out  19 933.9511 0 22397   0 0 778618 1557236000 1557236000   63 188.38605259308278 0.4767916888068624 0.4767916888068205   33.1875 211.84425808104774 0.31100122546548753 0.39503714398858186
explicit_P_1_4.yml korns_12/out  19 1070.3511 0 19684   0 0 712999 1425998000 1425998000   64 33.81536942506958 0.09327436285618984 0.09327436284275115   33.40625 35.560745888027355 -0.030398005159790097 0.16196425974202022
explicit_P_1_4.yml koza_01/out  19 46.1712 0 1106   0 0 52340 52340000 52340000   25 8.001584058820085e-13 1 1   18.75 560.5811689389617 0.7316516509564905 0.8142621577631233
explicit_P_1_4.yml koza_02/out  19 125.2809 0 1586   0 0 90537 90537000 90537000   45 2.5512309819930532e-11 1 0.9999999999999998   25.03125 6286.515470968149 0.9200214951591569 0.9200331743079248
explicit_P_1_4.yml koza_03/out  19 28.2446 0 867   0 0 39711 39711000 39711000   50 1.09096148665294e-11 1 1   18.90625 4200.992217025787 0.8140284804535822 0.8327265169567094
explicit_P_1_4.yml nguyen_02/out  19 53.7453 0 1310   0 0 58264 58264000 58264000   43 2.077098544903741e-12 1 0.9999999999999993   24.1875 745.395068432538 0.8225639101953313 0.8834205176886561
explicit_P_1_4.yml nguyen_03/out  19 57.9240 0 1310   0 0 69440 69440000 69440000   43 1.3045451538689968e-11 1 1.0000000000000004   22.625 3818.561662313553 0.9159290279272907 0.9189830649934104
explicit_P_1_4.yml nguyen_04/out  19 62.5300 0 963   0 0 55599 55599000 55599000   57 6.770868543328494e-11 1 0.9999999999999997   25.8125 22038.535316586855 0.8168558302009065 0.8392075318975358
explicit_P_1_4.yml nguyen_05/out  19 56.2583 0 820   0 0 45281 45281000 45281000   60 30.4475534596231 0.09106808949256173 0.0920875700628778   31.4375 31.023243927630816 0.056670040548260595 0.09060509817501215
explicit_P_1_4.yml nguyen_06/out  19 83.6082 0 1195   0 0 69146 69146000 69146000   61 20.667171925643473 0.8618170289876392 0.8619086992370147   39.78125 27.92331428158854 0.7072384175878057 0.7066842728468388
explicit_P_1_4.yml nguyen_09/out  19 252.4735 0 5029   0 0 263633 527266000 527266000   63 28.88554167866492 0.09737206139748389 0.09737206139766472   32.59375 29.3944473202803 0.06583975905773151 0.06843333515018406
explicit_P_1_4.yml nguyen_12/out  19 242.8364 0 4453   0 0 201294 402588000 402588000   62 1.5982468860421903e-12 1 1   27.4375 899.3208619385562 0.8027432906376465 0.8425785198257868
explicit_P_2_5b.yml korns_01/out  19 171.3627 0 11546   0 0 313388 313388000 313388000   29 2.9346399021144172e-09 1 0.9999999999999992   17.53125 57196736761996.164 -1.4219673282441451e+22 1.4219673282439438e+22
explicit_P_2_5b.yml korns_02/out  19 148.4270 0 7846   0 0 258973 517946000 517946000   14 2.4618377284902397e-08 1 1.0000000000000002   25.09375 6.760745208042044e+23 -3.142365074124031e+39 3.142365074124031e+39
explicit_P_2_5b.yml korns_03/out  19 173.2975 0 9160   0 0 278516 557032000 557032000   18 921.0514817074895 0.9999999979101165 0.9999999979101157   21.21875 3.203059559135616e+28 -2.5028029684830083e+43 2.5028029684830083e+43
explicit_P_2_5b.yml korns_04/out  19 176.7322 0 9854   0 0 283565 567130000 567130000   25 2.762231045715036 0.061432111431935055 0.06143211143193347   14.40625 11060621402.214151 -9.509505466617233e+19 9.509505466622217e+19
explicit_P_2_5b.yml korns_10/out  19 188.9924 0 10090   0 0 284393 568786000 568786000   23 2706685.0247817407 0.9951003073787982 0.9977784058428372   24.78125 2.0076354506970864e+27 -1.1491158782050942e+40 1.1491158782050942e+40
explicit_P_2_5b.yml korns_11/out  19 175.3741 0 9368   0 0 283033 566066000 566066000   18 231.2152434328404 0.21151668286094605 0.21151668286077718   18.3125 6.892684191407972e+20 -2.2565866182882766e+38 2.2565866182882766e+38
explicit_P_2_5b.yml korns_12/out  19 262.9475 0 13865   0 0 426179 852358000 852358000   11 34.735607224093606 0.05190225846851648 0.05190225846851442   16.78125 122695671.86772072 -62952883914561.055 62952883911441.1
explicit_P_2_5b.yml koza_01/out  19 17.1710 0 655   0 0 32754 32754000 32754000   25 8.001584058820085e-13 1 1   24.65625 150236298417.51694 -6.354398317205746e+16 6.354398316670029e+16
explicit_P_2_5b.yml koza_02/out  19 14.0829 0 562   0 0 28150 28150000 28150000   29 322.3442135437438 0.9999552727111917 0.9999553597767237   19.28125 1573951795.0835528 -2974308150.6605673 2974308185.5264854
explicit_P_2_5b.yml koza_03/out  19 12.0407 0 492   0 0 22938 22938000 22938000   26 1.1093601765865588e-11 1 1   18.3125 31439412379387.223 -1.0296620738840048e+19 1.029662073878493e+19
explicit_P_2_5b.yml nguyen_02/out  19 22.7299 0 628   0 0 34891 34891000 34891000   27 2.325564919464051 0.9999996044146271 0.9999996044146288   21.28125 6.7551121203820465e+65 -4.44782276837412e+125 4.44782276837412e+125
explicit_P_2_5b.yml nguyen_03/out  19 14.8820 0 587   0 0 29596 29596000 29596000   30 27.75358315951812 0.9999985528427572 0.9999985528427586   22.21875 880946406117.8633 -1.0013475768254072e+16 1.0013475767910704e+16
explicit_P_2_5b.yml nguyen_04/out  19 23.9088 0 615   0 0 36130 36130000 36130000   33 11.090811157205824 0.9999999851180351 0.9999999851180359   25.625 3.867627167258814e+61 -1.8978941668276632e+114 1.8978941668276632e+114
explicit_P_2_5b.yml nguyen_05/out  19 19.3030 0 776   0 0 36587 36587000 36587000   21 29.9755531711186 0.12228859965727701 0.12228859965714316   20.875 8174980552443176.0 -4.6670813952975855e+29 4.6670813952975855e+29
explicit_P_2_5b.yml nguyen_06/out  19 13.1964 0 520   0 0 26397 26397000 26397000   29 21.631629730511143 0.8477043458274334 0.8477043458274106   20.0 750545823417.515 -1.2813189026027812e+21 1.2813189026011726e+21
explicit_P_2_5b.yml nguyen_09/out  19 67.4641 0 2527   0 0 107979 215958000 215958000   49 29.382805332718895 0.06579307866392758 0.06579307866392455   26.5625 1.0839016497109e+16 -1.146886058893047e+30 1.146886058893047e+30
explicit_P_2_5b.yml nguyen_12/out  19 92.1878 0 3278   0 0 128646 257292000 257292000   40 1.604587916145783e-12 1 1   26.5 7.38389075543708e+21 -1.8773695404190788e+37 1.8773695404190788e+37
explicit_P_3_5b.yml korns_01/out  19 166.8128 0 10470   0 0 284845 284845000 284845000   21 2.9490188482781295e-09 1 0.999999999999999   14.03125 17914381.030174885 -984464367.6126152 984463918.8978965
explicit_P_3_5b.yml korns_02/out  19 151.1560 0 7666   0 0 265657 531314000 531314000   17 2.4604915627051192e-08 1 1.0000000000000002   18.03125 1.1570899971256558e+17 -2.9163844219175144e+26 2.9163844219175144e+26
explicit_P_3_5b.yml korns_03/out  19 167.0351 0 8728   0 0 266688 533376000 533376000   18 921.0514817074895 0.9999999979101165 0.9999999979101157   30.46875 3.0981369931557783e+35 -4.7810443250797204e+57 4.7810443250797204e+57
explicit_P_3_5b.yml korns_04/out  19 163.7167 0 8992   0 0 265350 530700000 530700000   25 2.762231045715036 0.061432111431935055 0.06143211143193347   14.375 401850065.9693024 -1.8717279631697734e+17 1.8717279632420026e+17
explicit_P_3_5b.yml korns_10/out  19 144.0366 0 7824   0 0 238332 476664000 476664000   23 12231498.388513442 0.8449245393308619 0.8449245393309719   18.875 2.0255159863194052e+20 -4.99078735400845e+26 4.99078735400845e+26
explicit_P_3_5b.yml korns_11/out  19 210.9169 0 10928   0 0 345588 691176000 691176000   19 212.54410347209088 0.3240560316675666 0.3240560316675487   17.65625 6.892684184347728e+20 -2.2565866182882766e+38 2.2565866182882766e+38
explicit_P_3_5b.yml korns_12/out  19 230.6722 0 12663   0 0 367588 735176000 735176000   21 34.520680415517056 0.06333779177140453 0.0633377917714356   14.625 129774800.58370371 -215224901630349.4 215224901559511.06
explicit_P_3_5b.yml koza_01/out  19 16.9654 0 655   0 0 32754 32754000 32754000   25 8.001584058820085e-13 1 1   24.65625 150236298417.51694 -6.354398317205746e+16 6.354398316670029e+16
explicit_P_3_5b.yml koza_02/out  19 13.7941 0 562   0 0 28150 28150000 28150000   29 322.3442135437438 0.9999552727111917 0.9999553597767237   19.28125 1573951795.0835528 -2974308150.6605673 2974308185.5264854
explicit_P_3_5b.yml koza_03/out  19 11.3775 0 492   0 0 22938 22938000 22938000   26 1.1093601765865588e-11 1 1   18.3125 31439412379387.223 -1.0296620738840048e+19 1.029662073878493e+19
explicit_P_3_5b.yml nguyen_02/out  19 23.2911 0 646   0 0 36135 36135000 36135000   27 2.325564919464051 0.9999996044146271 0.9999996044146288   20.375 6.7551121203820465e+65 -4.44782276837412e+125 4.44782276837412e+125
explicit_P_3_5b.yml nguyen_03/out  19 15.9846 0 587   0 0 29596 29596000 29596000   30 27.75358315951812 0.9999985528427572 0.9999985528427586   22.21875 880946406117.8633 -1.0013475768254072e+16 1.0013475767910704e+16
explicit_P_3_5b.yml nguyen_04/out  19 24.2212 0 639   0 0 37536 37536000 37536000   33 11.090811157205824 0.9999999851180351 0.9999999851180359   24.9375 3.867627167258814e+61 -1.8978941668276632e+114 1.8978941668276632e+114
explicit_P_3_5b.yml nguyen_05/out  19 19.5859 0 776   0 0 36587 36587000 36587000   21 29.9755531711186 0.12228859965727701 0.12228859965714316   20.875 8174980552443176.0 -4.6670813952975855e+29 4.6670813952975855e+29
explicit_P_3_5b.yml nguyen_06/out  19 15.5432 0 612   0 0 31679 31679000 31679000   38 31.508976521692805 0.6709461710023945 0.6709461710024   21.59375 751438563401.7002 -1.281323368345288e+21 1.2813233683436798e+21
explicit_P_3_5b.yml nguyen_09/out  19 70.2343 0 2594   0 0 110609 221218000 221218000   42 29.392257732029172 0.06565812212912825 0.06565812212913064   26.375 1.1667572462838972e+16 -1.1703045542761735e+30 1.1703045542761735e+30
explicit_P_3_5b.yml nguyen_12/out  19 99.5796 0 3288   0 0 129898 259796000 259796000   40 1.604587916145783e-12 1 1   27.71875 7.383890755437082e+21 -1.8773695404190788e+37 1.8773695404190788e+37
