0 koza_01;out 0 18 1.43622045605e-27 1.0
1 koza_01;out 23 26 1.31863788274e-27 1.0
2 koza_01;out 46 39 1.31942235431e-27 1.0
3 koza_01;out 69 22 1.32767989841e-27 1.0
4 koza_01;out 92 57 1.43985647321e-27 1.0
5 koza_01;out 115 15 1.39022120331e-27 1.0
6 koza_01;out 138 49 1.29042274592e-27 1.0
7 koza_01;out 161 63 1.29042274592e-27 1.0
8 koza_01;out 184 31 1.30131851336e-27 1.0
9 koza_01;out 207 30 1.41551850324e-27 1.0


0 koza_02;out 0 41 1.52748426639e-24 1.0
1 koza_02;out 23 90 1.54604079724e-24 1.0
2 koza_02;out 46 48 1.47375207767e-24 1.0
3 koza_02;out 69 55 1.50449660289e-24 1.0
4 koza_02;out 92 15 1.50449660289e-24 1.0
5 koza_02;out 115 26 1.54604079724e-24 1.0
6 koza_02;out 138 34 1.50449660289e-24 1.0
7 koza_02;out 161 27 1.47375207767e-24 1.0
8 koza_02;out 184 101 1.56376633681e-24 1.0
9 koza_02;out 207 50 1.60135469878e-24 1.0


0 koza_03;out 0 101 1094.81507521 0.998341815712
1 koza_03;out 23 101 1094.81507521 0.998341815712
2 koza_03;out 46 101 1094.81507521 0.998341815712
3 koza_03;out 69 83 3.41296462868e-25 1.0
4 koza_03;out 92 61 3.48595594321e-25 1.0
5 koza_03;out 115 101 1094.81507521 0.998341815712
6 koza_03;out 138 101 807.376594018 0.998777164096
7 koza_03;out 161 41 3.48993841849e-25 1.0
8 koza_03;out 184 38 3.50820717334e-25 1.0
9 koza_03;out 207 101 1094.81507521 0.998341815712


0 lipson_01;out 0 101 0.00841993224849 0.999996576359
1 lipson_01;out 23 101 0.00841993224849 0.999996576359
2 lipson_01;out 46 101 3.14941214191e-28 1.0
3 lipson_01;out 69 101 0.214144583613 0.999912926361
4 lipson_01;out 92 101 0.214144583613 0.999912926361
5 lipson_01;out 115 101 0.214144583613 0.999912926361
6 lipson_01;out 138 101 0.214144583613 0.999912926361
7 lipson_01;out 161 101 0.00841993224849 0.999996576359
8 lipson_01;out 184 101 0.214144583613 0.999912926361
9 lipson_01;out 207 101 0.00292130785062 0.999998812163


0 lipson_02;out 0 101 1555.40080352 0.919351652793
1 lipson_02;out 23 101 1537.37341185 0.920286382503
2 lipson_02;out 46 101 992.787503636 0.948523447387
3 lipson_02;out 69 101 1548.05013117 0.919732789008
4 lipson_02;out 92 101 3869.48451665 0.799365198922
5 lipson_02;out 115 101 3030.88434349 0.842847057604
6 lipson_02;out 138 101 2994.89336955 0.844713208474
7 lipson_02;out 161 101 2546.84024734 0.867944997789
8 lipson_02;out 184 101 1480.0103691 0.923260686347
9 lipson_02;out 207 101 1391.35525153 0.927857500678


0 lipson_03;out 0 101 34.3871771884 0.997234023634
1 lipson_03;out 23 101 80.858782379 0.993496020919
2 lipson_03;out 46 101 433.341287396 0.965143641975
3 lipson_03;out 69 101 381.78929775 0.969290291879
4 lipson_03;out 92 101 85.4325664528 0.993128122775
5 lipson_03;out 115 101 381.339308246 0.969326487358
6 lipson_03;out 138 101 6.97454642163 0.999438993481
7 lipson_03;out 161 101 11.8566732327 0.999046293397
8 lipson_03;out 184 101 24.4021746492 0.998037180022
9 lipson_03;out 207 101 366.090167745 0.970553071384


0 nguyen_01;out 0 16 2.98454660247e-28 1.0
1 nguyen_01;out 23 11 2.98454660247e-28 1.0
2 nguyen_01;out 46 15 2.98454660247e-28 1.0
3 nguyen_01;out 69 16 2.98454660247e-28 1.0
4 nguyen_01;out 92 11 3.25759235765e-28 1.0
5 nguyen_01;out 115 7 2.98454660247e-28 1.0
6 nguyen_01;out 138 17 2.98454660247e-28 1.0
7 nguyen_01;out 161 17 3.08974001347e-28 1.0
8 nguyen_01;out 184 8 2.98454660247e-28 1.0
9 nguyen_01;out 207 11 2.98454660247e-28 1.0


0 nguyen_02;out 0 27 9.77106954096e-27 1.0
1 nguyen_02;out 23 11 9.65121464841e-27 1.0
2 nguyen_02;out 46 10 9.59698546861e-27 1.0
3 nguyen_02;out 69 18 9.54462945357e-27 1.0
4 nguyen_02;out 92 14 1.01089279425e-26 1.0
5 nguyen_02;out 115 27 1.01089279425e-26 1.0
6 nguyen_02;out 138 35 9.6543550334e-27 1.0
7 nguyen_02;out 161 13 1.00392964459e-26 1.0
8 nguyen_02;out 184 49 1.01089279425e-26 1.0
9 nguyen_02;out 207 21 9.6543550334e-27 1.0


0 nguyen_03;out 0 101 8.49970907999 0.999992287674
1 nguyen_03;out 23 46 3.34928737787e-25 1.0
2 nguyen_03;out 46 101 1.0 0.999999092636
3 nguyen_03;out 69 57 3.46499244892e-25 1.0
4 nguyen_03;out 92 101 8.49970907999 0.999992287674
5 nguyen_03;out 115 27 3.51551922733e-25 1.0
6 nguyen_03;out 138 30 3.34534565584e-25 1.0
7 nguyen_03;out 161 46 3.5580426782e-25 1.0
8 nguyen_03;out 184 101 8.49970907999 0.999992287674
9 nguyen_03;out 207 101 8.49970907999 0.999992287674


0 nguyen_04;out 0 101 133.122359513 0.999992082028
1 nguyen_04;out 23 64 1.02923474983e-23 1.0
2 nguyen_04;out 46 101 133.122359513 0.999992082028
3 nguyen_04;out 69 101 133.122359513 0.999992082028
4 nguyen_04;out 92 101 133.122359513 0.999992082028
5 nguyen_04;out 115 101 8.14009819861 0.999999515836
6 nguyen_04;out 138 101 78.4173445862 0.999995335822
7 nguyen_04;out 161 101 133.122359513 0.999992082028
8 nguyen_04;out 184 101 133.122359513 0.999992082028
9 nguyen_04;out 207 101 8.14009819861 0.999999515836


0 nguyen_05;out 0 101 1.70832375464 0.107305770855
1 nguyen_05;out 23 101 1.02049438655 0.466734893037
2 nguyen_05;out 46 101 1.04299408357 0.454977549245
3 nguyen_05;out 69 101 1.70832375464 0.107305770855
4 nguyen_05;out 92 101 0.066462419281 0.965269687326
5 nguyen_05;out 115 101 1.02123648024 0.466347107788
6 nguyen_05;out 138 101 1.70832375464 0.107305770855
7 nguyen_05;out 161 101 1.04441434063 0.454235385896
8 nguyen_05;out 184 101 1.70832375464 0.107305770855
9 nguyen_05;out 207 101 1.70832375464 0.107305770855


0 nguyen_06;out 0 101 0.0872672911091 0.985554905423
1 nguyen_06;out 23 101 0.102613800651 0.983014643443
2 nguyen_06;out 46 101 0.114356332875 0.981070937085
3 nguyen_06;out 69 101 0.810879670735 0.865777505119
4 nguyen_06;out 92 101 0.0353374931932 0.994150690083
5 nguyen_06;out 115 101 0.886040147009 0.853336415515
6 nguyen_06;out 138 101 0.786404875231 0.869828745066
7 nguyen_06;out 161 101 0.79295704751 0.868744183519
8 nguyen_06;out 184 101 1.52327037699 0.74785759496
9 nguyen_06;out 207 101 0.0712755291259 0.988201974117


0 nguyen_07;out 0 101 4.2140153522 0.435841364144
1 nguyen_07;out 23 101 7.14844394989 0.04298963098
2 nguyen_07;out 46 101 1.73242655887 0.768068380752
3 nguyen_07;out 69 101 3.38619424388 0.546667355074
4 nguyen_07;out 92 101 5.0894353129 0.318642994049
5 nguyen_07;out 115 101 2.26902152832 0.696230795771
6 nguyen_07;out 138 101 3.40772880312 0.543784378495
7 nguyen_07;out 161 101 4.24876922375 0.431188629133
8 nguyen_07;out 184 101 3.05565637243 0.590918687609
9 nguyen_07;out 207 101 4.2344846998 0.433100994625


0 nguyen_08;out 0 101 509.883718914 0.00728435691698
1 nguyen_08;out 23 101 511.79158705 0.0035698422668
2 nguyen_08;out 46 101 487.74409888 0.0503889831771
3 nguyen_08;out 69 101 323.942230368 0.369302239681
4 nguyen_08;out 92 101 279.996004123 0.454863132548
5 nguyen_08;out 115 101 513.191237281 0.000844800011522
6 nguyen_08;out 138 101 512.419658884 0.00234702084398
7 nguyen_08;out 161 101 512.365743489 0.00245199116152
8 nguyen_08;out 184 101 513.201041665 0.000825711413205
9 nguyen_08;out 207 101 513.102545934 0.0010174772023


0 nguyen_09;out 0 101 0.110955983729 0.879407775799
1 nguyen_09;out 23 101 0.465874913619 0.493665053974
2 nguyen_09;out 46 101 0.465874913619 0.493665053974
3 nguyen_09;out 69 9 5.76169706296e-30 1.0
4 nguyen_09;out 92 72 5.76169706296e-30 1.0
5 nguyen_09;out 115 101 0.465874913619 0.493665053974
6 nguyen_09;out 138 101 0.465874913619 0.493665053974
7 nguyen_09;out 161 101 0.465874913619 0.493665053974
8 nguyen_09;out 184 101 0.465874913619 0.493665053974
9 nguyen_09;out 207 101 0.110955983729 0.879407775799


0 nguyen_10;out 0 101 0.239142245327 0.749969289039
1 nguyen_10;out 23 101 0.239142245327 0.749969289039
2 nguyen_10;out 46 9 3.6386773968e-31 1.0
3 nguyen_10;out 69 13 3.6386773968e-31 1.0
4 nguyen_10;out 92 101 0.000749137121304 0.999216753666
5 nguyen_10;out 115 11 3.6386773968e-31 1.0
6 nguyen_10;out 138 101 0.239142245327 0.749969289039
7 nguyen_10;out 161 15 3.6386773968e-31 1.0
8 nguyen_10;out 184 50 3.6386773968e-31 1.0
9 nguyen_10;out 207 101 0.239142245327 0.749969289039


0 nguyen_11;out 0 101 28.8704617204 0.962424093927
1 nguyen_11;out 23 101 40.4730154155 0.947322968352
2 nguyen_11;out 46 101 10.0927921324 0.986863881401
3 nguyen_11;out 69 101 16.1507432941 0.978979248101
4 nguyen_11;out 92 101 62.2408472057 0.918991381186
5 nguyen_11;out 115 101 17.6439967016 0.977035727061
6 nguyen_11;out 138 101 28.7683912689 0.962556942156
7 nguyen_11;out 161 101 19.5153455793 0.974600101669
8 nguyen_11;out 184 101 22.7596527938 0.970377523439
9 nguyen_11;out 207 101 41.9650369969 0.945381050576


0 nguyen_12;out 0 101 746.111419257 0.943096970521
1 nguyen_12;out 23 101 771.771183667 0.941139999628
2 nguyen_12;out 46 101 681.667252856 0.948011877606
3 nguyen_12;out 69 101 795.575116648 0.939324565813
4 nguyen_12;out 92 101 653.64217614 0.950149241712
5 nguyen_12;out 115 101 767.479749622 0.941467290689
6 nguyen_12;out 138 101 743.477062911 0.943297882681
7 nguyen_12;out 161 101 807.59583193 0.938407792395
8 nguyen_12;out 184 101 556.129456231 0.957586159352
9 nguyen_12;out 207 101 792.066984725 0.939592117454


0 korns_01;out 0 101 1095.45652041 0.770890374215
1 korns_01;out 23 101 1095.45652041 0.770890374215
2 korns_01;out 46 101 2.46656426109 0.99948412958
3 korns_01;out 69 101 1095.45652041 0.770890374215
4 korns_01;out 92 101 0.54118775753 0.999886813103
5 korns_01;out 115 101 0.91033760362 0.999809607133
6 korns_01;out 138 101 0.464303562265 0.999902893074
7 korns_01;out 161 101 0.747281906528 0.999843709472
8 korns_01;out 184 101 1095.45652041 0.770890374215
9 korns_01;out 207 101 0.91033760362 0.999809607133


0 korns_02;out 0 101 260.131483363 0.999655754172
1 korns_02;out 23 101 3.17014796718 0.999995804775
2 korns_02;out 46 101 569.632660483 0.999246174803
3 korns_02;out 69 101 944.008139596 0.998750743819
4 korns_02;out 92 101 7464.43038666 0.990121922249
5 korns_02;out 115 101 661.604638734 0.999124463392
6 korns_02;out 138 101 1010.98369541 0.998662111503
7 korns_02;out 161 101 2669.83994387 0.996466858798
8 korns_02;out 184 101 4420.53619578 0.994150069332
9 korns_02;out 207 101 12.8497068516 0.999982995299


0 korns_03;out 0 101 203536.310128 0.999999643661
1 korns_03;out 23 101 1267883713.26 0.997780263476
2 korns_03;out 46 101 955471357.01 0.998327216726
3 korns_03;out 69 101 1123533098.91 0.998032984075
4 korns_03;out 92 101 101202241.523 0.999822821045
5 korns_03;out 115 101 1105109391.04 0.998065239223
6 korns_03;out 138 101 411764769.741 0.999279106365
7 korns_03;out 161 101 979124465.314 0.99828580625
8 korns_03;out 184 101 969353034.0 0.9983029135
9 korns_03;out 207 101 1259659229.44 0.997794662421


0 korns_04;out 0 101 0.00183398371553 0.777060619029


0 korns_05;out 0 101 2.51249377883 0.478329704335
1 korns_05;out 23 101 3.21818679624 0.331806322609
2 korns_05;out 46 101 4.78804510785 0.0058558838566
3 korns_05;out 69 101 4.63476474323 0.037681559925
4 korns_05;out 92 101 3.48581396637 0.276238764134
5 korns_05;out 115 101 3.5079896921 0.2716344075
6 korns_05;out 138 101 4.76604440612 0.0104239001732
7 korns_05;out 161 101 3.32862741172 0.308875484325
8 korns_05;out 184 101 4.42051032328 0.0821673085259
9 korns_05;out 207 101 4.151327996 0.138057765028


0 korns_06;out 0 101 3.04627003726 0.326305099852
1 korns_06;out 23 101 1.13295110425 0.749443295665
2 korns_06;out 46 101 3.28328129126 0.273889105492
3 korns_06;out 69 101 3.95249814383 0.125889100516
4 korns_06;out 92 101 4.04998379951 0.104329754738
5 korns_06;out 115 101 2.84398398272 0.371041476355
6 korns_06;out 138 101 2.92937516836 0.352156871385
7 korns_06;out 161 101 2.70309361727 0.402199948691
8 korns_06;out 184 101 4.51609391517 0.00124762347902
9 korns_06;out 207 101 2.88254169996 0.362514281737


0 korns_07;out 0 101 2820.75361506 -3.33743489695
1 korns_07;out 23 101 2656.95718805 -3.08556733407
2 korns_07;out 46 101 2943.76121587 -3.52658203036
3 korns_07;out 69 101 2910.93507769 -3.47610571916
4 korns_07;out 92 101 2857.91720562 -3.39458085033
5 korns_07;out 115 101 2644.86304102 -3.06697032684
6 korns_07;out 138 101 2518.76520818 -2.8730713852
7 korns_07;out 161 101 2354.40285144 -2.62033359979
8 korns_07;out 184 101 3110.98383995 -3.7837180104
9 korns_07;out 207 101 2601.90865032 -3.00091993797


0 korns_08;out 0 101 4037.53649459 0.868752263095
1 korns_08;out 23 101 3864.03518073 0.874392250455
2 korns_08;out 46 101 3769.55999586 0.877463344481
3 korns_08;out 69 101 2742.93608956 0.910835690349
4 korns_08;out 92 101 5167.47322115 0.832021539198
5 korns_08;out 115 101 3753.87419941 0.877973240871
6 korns_08;out 138 101 3296.38988647 0.892844631092
7 korns_08;out 161 101 3242.94664868 0.894581904309
8 korns_08;out 184 101 4114.70462867 0.866243767389
9 korns_08;out 207 101 4206.18387666 0.863270061941


0 korns_09;out 0 101 221800.38299 0.671907535228
1 korns_09;out 23 101 417090.213849 0.383030117219
2 korns_09;out 46 101 67902.9428885 0.899556332603
3 korns_09;out 69 101 236316.923916 0.650434318508
4 korns_09;out 92 101 64263.999986 0.904939144526
5 korns_09;out 115 101 124983.404015 0.815121540701
6 korns_09;out 138 101 174987.289078 0.741154590431
7 korns_09;out 161 101 38001.705038 0.943786963289
8 korns_09;out 184 101 41036.8620753 0.93929728595
9 korns_09;out 207 101 79536.2879689 0.88234800857


0 korns_10;out 0 101 43074569828.4 0.97436746578
1 korns_10;out 23 101 8951081398.96 0.994673448831
2 korns_10;out 46 101 144813437332.0 0.913825363719
3 korns_10;out 69 101 416459050218.0 0.7521762632
4 korns_10;out 92 101 20708079339.8 0.987677171138
5 korns_10;out 115 101 114060114668.0 0.932125850496
6 korns_10;out 138 101 32480934463.5 0.980671457255
7 korns_10;out 161 101 26001291439.5 0.984527320987
8 korns_10;out 184 101 38830179510.3 0.976893189902
9 korns_10;out 207 101 165954124233.0 0.901245101569


0 korns_11;out 0 101 39.2185044961 0.409769085067
1 korns_11;out 23 101 32.4880092723 0.51106173773
2 korns_11;out 46 101 39.093051964 0.411657121435
3 korns_11;out 69 101 41.4354870732 0.376403925644
4 korns_11;out 92 101 31.0971079591 0.531994533747
5 korns_11;out 115 101 42.9864333761 0.353062483456
6 korns_11;out 138 101 37.1076364808 0.441537240839
7 korns_11;out 161 101 38.2563214922 0.424249753365
8 korns_11;out 184 101 34.7205589249 0.477462296828
9 korns_11;out 207 101 47.3034079624 0.28809285005


0 koza_01;out 0 18 1.43622045605e-27 1.0
1 koza_01;out 23 26 1.31863788274e-27 1.0
2 koza_01;out 46 39 1.31942235431e-27 1.0
3 koza_01;out 69 22 1.32767989841e-27 1.0
4 koza_01;out 92 29 1.38813331447e-27 1.0
5 koza_01;out 115 15 1.39022120331e-27 1.0
6 koza_01;out 138 49 1.29042274592e-27 1.0
